name,pos,team,pts_ppr,pass_yd,pass_td,pass_int,rush_att,rush_yd,rush_td,rec,rec_tgt,rec_yd,rec_td,fum_lost
Dak Prescott,QB,DAL,20.9,285.29,2.08,0.58,3.07,14.73,0.08,,,,,0.22
Jalon Daniels,QB,TB,15.24,210.33,1.32,1.15,4.04,19.94,0.14,,,,,0.13
Kirk Cousins,QB,LV,14.87,211.56,1.49,0.44,1.93,5.61,0.08,,,,,0.18
Tyler Shough,QB,NO,15.27,230.24,1.02,0.64,4.85,18.48,0.16,,,,,0.18
Deshaun Watson,QB,CLE,14.43,193.63,1.32,0.28,3.2,15.19,0.06,,,,,0.15
Daniel Jones,QB,IND,13.21,194.59,1.04,0.83,3.64,15.05,0.13,,,,,0.16
Justin Herbert,QB,LAC,14.42,194.98,0.99,0.47,4.77,23.34,0.16,,,,,0.16
Trevor Lawrence,QB,JAX,17.94,225.73,1.45,0.57,5.13,20.06,0.3,,,,,0.19
Michael Penix,QB,ATL,14.68,223.21,1.03,0.48,3.13,11.19,0.2,,,,,0.17
Jayden Daniels,QB,WAS,17.03,165.92,1.13,0.45,8.07,47.78,0.29,,,,,0.17
Kyler Murray,QB,MIN,16.81,166.44,1.19,0.45,6.96,37.63,0.38,,,,,0.17
Jordan Love,QB,GB,17.14,258.81,1.49,1.19,3.11,15.68,0.1,,,,,0.19
Jameis Winston,QB,NYG,14.51,204.67,1.31,0.75,3.28,14.48,0.1,,,,,0.17
Jalen Hurts,QB,PHI,15.68,201.17,1.02,0.73,5.81,24.58,0.32,,,,,0.14
Tyler Huntley,QB,BAL,12.02,169.85,0.77,1.02,5.49,27.2,0.1,,,,,0.16
Malik Willis,QB,MIA,15.39,223.26,0.73,0.83,4.99,27.01,0.3,,,,,0.14
Aaron Rodgers,QB,PIT,16.5,226.02,1.71,0.33,1.28,6.56,0.08,,,,,0.18
C.J. Stroud,QB,HOU,15.39,239.15,1.04,0.36,3.22,13.93,0.14,,,,,0.17
Joe Burrow,QB,CIN,19.24,275.07,1.76,0.61,3.3,13.01,0.12,,,,,0.21
Brock Purdy,QB,SF,17.25,239.05,1.55,1.07,3.84,17.4,0.15,,,,,0.18
Jacoby Brissett,QB,ARI,18.07,227.32,1.86,0.32,2.99,13.44,0.12,,,,,0.21
Sam Darnold,QB,SEA,16.45,225.54,1.53,0.57,3.25,11.92,0.14,,,,,0.19
Tyson Bagent,QB,CHI,13.87,206.96,0.93,0.62,4.29,17.09,0.17,,,,,0.18
Bo Nix,QB,DEN,17.41,230.93,1.47,1.03,4.7,18.52,0.27,,,,,0.19
Drake Maye,QB,NE,19.32,229.34,1.45,0.72,6.37,37.66,0.25,,,,,0.19
Cam Ward,QB,TEN,12.86,199.12,0.82,0.62,4.03,12.78,0.19,,,,,0.16
Geno Smith,QB,NYJ,13.95,192.48,1.23,0.6,3.48,15.07,0.1,,,,,0.16
Jared Goff,QB,DET,21.54,287.76,2.5,0.48,1.56,5.04,0.03,,,,,0.22
Matthew Stafford,QB,LAR,18.49,260.27,2.03,0.57,1.46,5.09,0.03,,,,,0.21
Josh Allen,QB,BUF,22.04,236.56,1.2,0.86,7.48,37.26,0.83,,,,,0.2
Kinkead Dent,QB,,,,,,,,,,,,,
Brett Gabbert,QB,,,,,,,,,,,,,
Behren Morton,QB,NE,,,,,,,,,,,,
AJ McCarron,QB,,,,,,,,,,,,,
Joe Flacco,QB,CIN,,,,,,,,,,,,
Ryan Griffin,QB,,,,,,,,,,,,,
Steven Montez,QB,,,,,,,,,,,,,
Max Duggan,QB,,,,,,,,,,,,,
Jacob Eason,QB,,,,,,,,,,,,,
Jamie Newman,QB,,,,,,,,,,,,,
Davis Mills,QB,HOU,,,,,,,,,,,,
Anthony Brown,QB,,,,,,,,,,,,,
Drew Lock,QB,SEA,,,,,,,,,,,,
Taryn Christion,QB,,,,,,,,,,,,,
Joe Milton,QB,DAL,,,,,,,,,,,,
Marquise Williams,QB,,,,,,,,,,,,,
Kevin Hogan,QB,,,,,,,,,,,,,
Chad Henne,QB,,,,,,,,,,,,,
Reid Sinnett,QB,,,,,,,,,,,,,
Jaren Hall,QB,,,,,,,,,,,,,
Jalen Morton,QB,IND,,,,,,,,,,,,
Jarrett Guarantano,QB,,,,,,,,,,,,,
Kyron Drones,QB,,,,,,,,,,,,,
DeShone Kizer,QB,,,,,,,,,,,,,
Robert Griffin,QB,,,,,,,,,,,,,
Zack Annexstad,QB,,,,,,,,,,,,,
Andy Dalton,QB,PHI,,,,,,,,,,,,
Anthony Boone,QB,,,,,,,,,,,,,
Davis Webb,QB,,,,,,,,,,,,,
T.J. Linta,QB,,,,,,,,,,,,,
Connor Jessop,QB,,,,,,,,,,,,,
Manny Wilkins,QB,,,,,,,,,,,,,
Brian Hoyer,QB,,,,,,,,,,,,,
Brian Lewerke,QB,,,,,,,,,,,,,
Austin Reed,QB,,,,,,,,,,,,,
C.J. Beathard,QB,,,,,,,,,,,,,
Miller Moss,QB,CHI,,,,,,,,,,,,
Tua Tagovailoa,QB,ATL,,,,,,,,,,,,
Brett Hundley,QB,,,,,,,,,,,,,
Zach Wilson,QB,NO,,,,,,,,,,,,
Case Cookus,QB,,,,,,,,,,,,,
Seth Henigan,QB,,,,,,,,,,,,,
Jake Browning,QB,,,,,,,,,,,,,
Ethan Garbers,QB,,,,,,,,,,,,,
Sam Ehlinger,QB,DEN,,,,,,,,,,,,
Shane Carden,QB,,,,,,,,,,,,,
J'Mar Smith,QB,,,,,,,,,,,,,
Chandler Morris,QB,,,,,,,,,,,,,
James Franklin,QB,,,,,,,,,,,,,
Matt Ryan,QB,,,,,,,,,,,,,
Chase Litton,QB,,,,,,,,,,,,,
Cooper Rush,QB,ATL,,,,,,,,,,,,
Brandon Silvers,QB,,,,,,,,,,,,,
Hendon Hooker,QB,TEN,,,,,,,,,,,,
Kevin Davidson,QB,,,,,,,,,,,,,
Tre Ford,QB,,,,,,,,,,,,,
Andrew Peasley,QB,,,,,,,,,,,,,
Michael Pratt,QB,,,,,,,,,,,,,
Blake Bortles,QB,NO,,,,,,,,,,,,
Josh Johnson,QB,CIN,,,,,,,,,,,,
Taylor Heinicke,QB,,,,,,,,,,,,,
Athan Kaliakmanis,QB,WAS,,,,,,,,,,,,
Cade Peterson,QB,,,,,,,,,,,,,
Jimmy Garoppolo,QB,,,,,,,,,,,,,
Trevor Knight,QB,,,,,,,,,,,,,
Rocky Lombardi,QB,,,,,,,,,,,,,
John Paddock,QB,,,,,,,,,,,,,
Jake Heaps,QB,,,,,,,,,,,,,
Peewee Jarrett,QB,,,,,,,,,,,,,
Ryan Tannehill,QB,,,,,,,,,,,,,
Ben DiNucci,QB,,,,,,,,,,,,,
Patrick Mahomes,QB,KC,,,,,,,,,,,,
Nathan Rourke,QB,,,,,,,,,,,,,
Shedeur Sanders,QB,CLE,,,,,,,,,,,,
Peter Pujals,QB,,,,,,,,,,,,,
Jacob Clark,QB,,,,,,,,,,,,,
Tommy Armstrong Jr.,QB,,,,,,,,,,,,,
Gavin Hardison,QB,,,,,,,,,,,,,
Jordan Travis,QB,,,,,,,,,,,,,
Garrett Greene,QB,TB,,,,,,,,,,,,
Taulia Tagovailoa,QB,,,,,,,,,,,,,
Case Keenum,QB,CHI,,,,,,,,,,,,
Lamar Jackson,QB,BAL,,,,,,,,,,,,
Joey Aguilar,QB,JAX,,,,,,,,,,,,
Tom Brady,QB,,,,,,,,,,,,,
Sean Clifford,QB,CIN,,,,,,,,,,,,
Michael Hiers,QB,,,,,,,,,,,,,
Tyrod Taylor,QB,GB,,,,,,,,,,,,
Baker Mayfield,QB,TB,,,,,,,,,,,,
John Matocha,QB,,,,,,,,,,,,,
Dorian Thompson-Robinson,QB,,,,,,,,,,,,,
Emory Jones,QB,,,,,,,,,,,,,
Mark Gronowski,QB,HOU,,,,,,,,,,,,
Shea Patterson,QB,,,,,,,,,,,,,
Joel Stave,QB,,,,,,,,,,,,,
Will Levis,QB,NYJ,,,,,,,,,,,,
Tyler Bray,QB,,,,,,,,,,,,,
Carson Strong,QB,,,,,,,,,,,,,
Wilton Speight,QB,,,,,,,,,,,,,
Carson Beck,QB,ARI,,,,,,,,,,,,
Kyle Trask,QB,,,,,,,,,,,,,
Jacob Dolegala,QB,,,,,,,,,,,,,
Bryce Young,QB,CAR,,,,,,,,,,,,
Logan Woodside,QB,,,,,,,,,,,,,
Felix Harper,QB,,,,,,,,,,,,,
Chevan Cordeiro,QB,,,,,,,,,,,,,
Broc Rutter,QB,,,,,,,,,,,,,
Jake Haener,QB,NYG,,,,,,,,,,,,
Drew Anderson,QB,,,,,,,,,,,,,
Skylar Thompson,QB,BAL,,,,,,,,,,,,
Tanner Morgan,QB,,,,,,,,,,,,,
Haynes King,QB,CAR,,,,,,,,,,,,
Easton Stick,QB,TB,,,,,,,,,,,,
Tommy Stevens,QB,NYG,,,,,,,,,,,,
David Fales,QB,,,,,,,,,,,,,
Bailey Zappe,QB,,,,,,,,,,,,,
Taylor Elgersma,QB,,,,,,,,,,,,,
Kurt Benkert,QB,,,,,,,,,,,,,
Collin Schlee,QB,,,,,,,,,,,,,
Nick Tiano,QB,,,,,,,,,,,,,
Paxton Lynch,QB,,,,,,,,,,,,,
Josh Rosen,QB,,,,,,,,,,,,,
Luke Falk,QB,,,,,,,,,,,,,
Cole Payton,QB,PHI,,,,,,,,,,,,
Nick Schuessler,QB,PIT,,,,,,,,,,,,
Tim Boyle,QB,,,,,,,,,,,,,
Dalton Sturm,QB,,,,,,,,,,,,,
Kenny Pickett,QB,CAR,,,,,,,,,,,,
Jacob Huesman,QB,,,,,,,,,,,,,
Tim DeMorat,QB,,,,,,,,,,,,,
Justin Fields,QB,KC,,,,,,,,,,,,
Wes Lunt,QB,,,,,,,,,,,,,
Hunter Dekkers,QB,,,,,,,,,,,,,
Clayton Tune,QB,,,,,,,,,,,,,
Spencer Sanders,QB,,,,,,,,,,,,,
Kedon Slovis,QB,GB,,,,,,,,,,,,
Mitchell Trubisky,QB,TEN,,,,,,,,,,,,
Matt Corral,QB,,,,,,,,,,,,,
Jaxson Dart,QB,NYG,,,,,,,,,,,,
Roland Rivers,QB,,,,,,,,,,,,,
K.J. Costello,QB,,,,,,,,,,,,,
Will Grier,QB,,,,,,,,,,,,,
Cam Newton,QB,,,,,,,,,,,,,
Tyler Ferguson,QB,,,,,,,,,,,,,
J.J. McCarthy,QB,NYG,,,,,,,,,,,,
John Rhys Plumlee,QB,,,,,,,,,,,,,
Chase Daniel,QB,,,,,,,,,,,,,
Casey Bauman,QB,,,,,,,,,,,,,
Phillip Sims,QB,,,,,,,,,,,,,
Riley Leonard,QB,IND,,,,,,,,,,,,
Chad Kelly,QB,,,,,,,,,,,,,
Cody Kessler,QB,,,,,,,,,,,,,
Nick Fitzgerald,QB,,,,,,,,,,,,,
Max Brosmer,QB,MIN,,,,,,,,,,,,
Brandon Allen,QB,,,,,,,,,,,,,
Connor Bazelak,QB,,,,,,,,,,,,,
Eli Jenkins,QB,,,,,,,,,,,,,
Colt McCoy,QB,,,,,,,,,,,,,
Diego Pavia,QB,,,,,,,,,,,,,
Hajj-Malik Williams,QB,,,,,,,,,,,,,
Tommy DeVito,QB,NE,,,,,,,,,,,,
Will Howard,QB,PIT,,,,,,,,,,,,
Shane Buechele,QB,BUF,,,,,,,,,,,,
Nate Sudfeld,QB,,,,,,,,,,,,,
Dustin Crum,QB,,,,,,,,,,,,,
Cole McDonald,QB,,,,,,,,,,,,,
Derek Carr,QB,,,,,,,,,,,,,
Vincent Testaverde,QB,,,,,,,,,,,,,
Dresser Winn,QB,,,,,,,,,,,,,
Stetson Bennett,QB,LAR,,,,,,,,,,,,
Anthony Richardson,QB,IND,,,,,,,,,,,,
Joshua Dobbs,QB,DET,,,,,,,,,,,,
Holton Ahlers,QB,,,,,,,,,,,,,
Aidan O'Connell,QB,LV,,,,,,,,,,,,
Brett Rypien,QB,TB,,,,,,,,,,,,
David Olson,QB,,,,,,,,,,,,,
Joe Webb,QB,,,,,,,,,,,,,
Collin Hill,QB,,,,,,,,,,,,,
Trey Lance,QB,LAC,,,,,,,,,,,,
Ryan Finley,QB,,,,,,,,,,,,,
Sawyer Robertson,QB,,,,,,,,,,,,,
Zach Terrell,QB,BAL,,,,,,,,,,,,
Jake Coker,QB,,,,,,,,,,,,,
Devin Leary,QB,,,,,,,,,,,,,
Kurtis Rourke,QB,SF,,,,,,,,,,,,
Nathan Peterman,QB,,,,,,,,,,,,,
Bryce Perkins,QB,,,,,,,,,,,,,
Kenji Bahar,QB,,,,,,,,,,,,,
Mitch Leidner,QB,,,,,,,,,,,,,
Anthony Gordon,QB,,,,,,,,,,,,,
Clayton Thorson,QB,NYG,,,,,,,,,,,,
Ty Simpson,QB,LAR,,,,,,,,,,,,
Jake Luton,QB,,,,,,,,,,,,,
Russell Wilson,QB,,,,,,,,,,,,,
Austin Aune,QB,,,,,,,,,,,,,
Ken Seals,QB,,,,,,,,,,,,,
Fernando Mendoza,QB,LV,,,,,,,,,,,,
Matt Barkley,QB,,,,,,,,,,,,,
James Blackman,QB,,,,,,,,,,,,,
Mike Bercovici,QB,,,,,,,,,,,,,
P.J. Walker,QB,,,,,,,,,,,,,
Gunnar Watson,QB,,,,,,,,,,,,,
Jeremy Moussa,QB,,,,,,,,,,,,,
Chris Oladokun,QB,,,,,,,,,,,,,
DJ Uiagalelei,QB,LAC,,,,,,,,,,,,
Logan Kilgore,QB,,,,,,,,,,,,,
Devlin Hodges,QB,,,,,,,,,,,,,
Cade Klubnik,QB,NYJ,,,,,,,,,,,,
Jack Coan,QB,,,,,,,,,,,,,
Bart Houston,QB,,,,,,,,,,,,,
Brady Cook,QB,MIA,,,,,,,,,,,,
Cole Kelley,QB,,,,,,,,,,,,,
Sean Mannion,QB,,,,,,,,,,,,,
Nick Stevens,QB,,,,,,,,,,,,,
Alex Smith,QB,,,,,,,,,,,,,
Josh McCown,QB,,,,,,,,,,,,,
Davis Cheek,QB,,,,,,,,,,,,,
Nick Foles,QB,,,,,,,,,,,,,
Nate Stanley,QB,,,,,,,,,,,,,
Matthew Caldwell,QB,LAR,,,,,,,,,,,,
Desmond Ridder,QB,,,,,,,,,,,,,
Teddy Bridgewater,QB,,,,,,,,,,,,,
Jack Heneghan,QB,,,,,,,,,,,,,
Kaidon Salter,QB,,,,,,,,,,,,,
James Morgan,QB,,,,,,,,,,,,,
Kyle Allen,QB,BUF,,,,,,,,,,,,
Austin Appleby,QB,,,,,,,,,,,,,
Matt Schaub,QB,,,,,,,,,,,,,
Trace McSorley,QB,,,,,,,,,,,,,
Riley Neal,QB,,,,,,,,,,,,,
David Blough,QB,,,,,,,,,,,,,
Trevor Siemian,QB,,,,,,,,,,,,,
Ian Book,QB,,,,,,,,,,,,,
Jason Bean,QB,,,,,,,,,,,,,
Garrett Gilbert,QB,,,,,,,,,,,,,
Carson Wentz,QB,MIN,,,,,,,,,,,,
Graham Mertz,QB,HOU,,,,,,,,,,,,
Philip Rivers,QB,,,,,,,,,,,,,
Cam Miller,QB,,,,,,,,,,,,,
Dillon Gabriel,QB,CLE,,,,,,,,,,,,
Mike Glennon,QB,,,,,,,,,,,,,
Spencer Rattler,QB,NO,,,,,,,,,,,,
Gardner Minshew,QB,ARI,,,,,,,,,,,,
Mike White,QB,,,,,,,,,,,,,
Colby Suits,QB,,,,,,,,,,,,,
Kellen Mond,QB,,,,,,,,,,,,,
Jarrett Stidham,QB,DEN,,,,,,,,,,,,
Kyle McCord,QB,MIA,,,,,,,,,,,,
Quinn Ewers,QB,JAX,,,,,,,,,,,,
Jordan Ta'amu,QB,,,,,,,,,,,,,
Ryan Willis,QB,,,,,,,,,,,,,
Ben Wooldridge,QB,,,,,,,,,,,,,
Jake Rudock,QB,,,,,,,,,,,,,
Nic Shimonek,QB,,,,,,,,,,,,,
Garrett Nussmeier,QB,KC,,,,,,,,,,,,
Sefo Liufau,QB,,,,,,,,,,,,,
Tanner McKee,QB,PHI,,,,,,,,,,,,
Kyle Shurmur,QB,,,,,,,,,,,,,
Zach Conque,QB,,,,,,,,,,,,,
Matt Moore,QB,,,,,,,,,,,,,
Josh Woodrum,QB,,,,,,,,,,,,,
E.J. Perry,QB,,,,,,,,,,,,,
Chris Streveler,QB,,,,,,,,,,,,,
Jack Plummer,QB,,,,,,,,,,,,,
Max Wittek,QB,,,,,,,,,,,,,
Lamar Jordan,QB,,,,,,,,,,,,,
Austin Allen,QB,,,,,,,,,,,,,
Carter Bradley,QB,,,,,,,,,,,,,
Bryan Bennett,QB,,,,,,,,,,,,,
Nolan Henderson,QB,,,,,,,,,,,,,
Danny Etling,QB,,,,,,,,,,,,,
Jerod Evans,QB,,,,,,,,,,,,,
E.J. Warner,QB,,,,,,,,,,,,,
Chase Garbers,QB,,,,,,,,,,,,,
Drew Plitt,QB,,,,,,,,,,,,,
Ben Roethlisberger,QB,PIT,,,,,,,,,,,,
Tanner Mordecai,QB,,,,,,,,,,,,,
Sam Hartman,QB,WAS,,,,,,,,,,,,
Jacob Sirmon,QB,,,,,,,,,,,,,
Sam Howell,QB,DAL,,,,,,,,,,,,
Caleb Williams,QB,CHI,,,,,,,,,,,,
Drew Stanton,QB,,,,,,,,,,,,,
Jerry Lovelocke,QB,,,,,,,,,,,,,
Jalan McClendon,QB,,,,,,,,,,,,,
Luis Perez,QB,,,,,,,,,,,,,
Eric Dungey,QB,,,,,,,,,,,,,
Jake Fromm,QB,,,,,,,,,,,,,
Jeff Driskel,QB,,,,,,,,,,,,,
Kyle Sloter,QB,,,,,,,,,,,,,
Aaron Bailey,QB,BAL,,,,,,,,,,,,
Ryan Fitzpatrick,QB,,,,,,,,,,,,,
Mason Rudolph,QB,PIT,,,,,,,,,,,,
J.T. Barrett,QB,,,,,,,,,,,,,
D'Eriq King,QB,,,,,,,,,,,,,
Marcus Mariota,QB,WAS,,,,,,,,,,,,
Mike DiLiello,QB,,,,,,,,,,,,,
Nick Mullens,QB,JAX,,,,,,,,,,,,
Jalen Milroe,QB,SEA,,,,,,,,,,,,
Brandon Peters,QB,,,,,,,,,,,,,
Taylen Green,QB,CLE,,,,,,,,,,,,
Kyle Lauletta,QB,,,,,,,,,,,,,
Drew Brees,QB,,,,,,,,,,,,,
Alex Tanney,QB,,,,,,,,,,,,,
Adrian Martinez,QB,,,,,,,,,,,,,
Jake Retzlaff,QB,,,,,,,,,,,,,
Mac Jones,QB,SF,,,,,,,,,,,,
Joe Fagnano,QB,BAL,,,,,,,,,,,,
Blaine Gabbert,QB,,,,,,,,,,,,,
Josh Love,QB,,,,,,,,,,,,,
Drew Allar,QB,PIT,,,,,,,,,,,,
Jake Waters,QB,,,,,,,,,,,,,
Luke Altmyer,QB,DET,,,,,,,,,,,,
Levi Lewis,QB,,,,,,,,,,,,,
John Wolford,QB,,,,,,,,,,,,,
Jack Strand,QB,ATL,,,,,,,,,,,,
William Thompson,QB,,,,,,,,,,,,,
Cole Stoudt,QB,,,,,,,,,,,,,
Aeneas Dennis,QB,,,,,,,,,,,,,
Cody Fajardo,QB,,,,,,,,,,,,,
Brogan Roback,QB,,,,,,,,,,,,,
Payton Thorne,QB,,,,,,,,,,,,,
Ben Bryant,QB,,,,,,,,,,,,,
Alex McGough,QB,,,,,,,,,,,,,
Skyler Howard,QB,SEA,,,,,,,,,,,,
Blake Sims,QB,,,,,,,,,,,,,
Kenny Gainwell,RB,TB,8.64,,,,5.2,24.89,0.2,2.34,2.78,19.71,0.12,0.03
Javonte Williams,RB,DAL,19.31,,,,18.44,76.76,0.96,2.85,3.34,17.77,0.21,0.09
Bucky Irving,RB,TB,15.24,,,,17.28,77.02,0.29,3.03,3.32,21.71,0.12,0.08
Hunter Luepke,RB,DAL,1.06,,,,0.67,2.81,0.02,0.29,0.35,2.85,0.02,0.0
Sean Tucker,RB,TB,1.82,,,,1.89,7.98,0.11,0.14,0.21,1.4,0.02,0.01
Tyler Goodson,RB,DAL,4.2,,,,4.28,19.0,0.09,0.87,1.02,5.9,0.05,0.02
Dylan Laube,RB,LV,0.46,,,,0.56,1.75,0.02,0.1,0.12,0.65,0.0,0.0
Jaylen Wright,RB,MIA,5.95,,,,6.08,24.44,0.19,1.05,1.53,10.11,0.05,0.03
Jordan James,RB,SF,0.34,,,,0.52,1.91,0.01,0.05,0.06,0.37,0.0,0.0
Woody Marks,RB,HOU,8.83,,,,11.66,38.63,0.34,1.49,1.82,10.72,0.07,0.05
RJ Harvey,RB,DEN,11.63,,,,8.29,29.53,0.33,3.2,3.8,24.67,0.18,0.04
Jacory Croskey-Merritt,RB,WAS,9.15,,,,10.88,46.71,0.52,0.72,0.89,4.49,0.04,0.04
Tahj Brooks,RB,CIN,0.62,,,,0.85,2.77,0.03,0.09,0.1,0.72,0.0,0.0
Jeremiyah Love,RB,ARI,12.59,,,,13.28,62.04,0.44,1.9,2.29,11.35,0.13,0.06
Devin Singletary,RB,NYG,,,,,,,,,,,,
Rico Dowdle,RB,PIT,9.69,,,,10.97,41.83,0.41,1.46,1.94,11.58,0.08,0.05
Rhamondre Stevenson,RB,NE,13.21,,,,10.48,45.33,0.41,2.86,3.36,22.63,0.19,0.05
Brian Robinson,RB,ATL,5.25,,,,6.31,23.17,0.25,0.67,0.86,5.72,0.04,0.03
Chase Brown,RB,CIN,17.48,,,,16.35,67.94,0.46,4.02,4.27,24.4,0.26,0.08
Kendre Miller,RB,NO,5.95,,,,6.46,20.5,0.28,1.14,1.5,8.13,0.04,0.03
Roschon Johnson,RB,CHI,1.77,,,,1.94,7.55,0.09,0.25,0.29,1.68,0.01,0.01
Jaleel McLaughlin,RB,CLE,1.74,,,,1.79,10.0,0.05,0.21,0.27,1.44,0.01,0.01
Sione Vaki,RB,DET,4.34,,,,3.54,16.59,0.07,0.91,1.17,9.67,0.06,0.02
Cam Skattebo,RB,NYG,12.71,,,,14.82,59.65,0.33,2.03,2.68,19.65,0.14,0.06
LeQuint Allen,RB,JAX,2.06,,,,0.89,3.05,0.02,0.87,1.08,5.68,0.04,0.01
CJ Donaldson,RB,NO,3.11,,,,1.96,6.88,0.05,1.03,1.67,8.02,0.05,
DJ Herman,RB,MIA,1.5,,,,0.05,0.22,0.0,0.61,0.88,6.46,0.04,
Alvin Kamara,RB,NO,10.94,,,,12.26,45.54,0.34,2.53,3.06,13.82,0.08,0.06
Samaje Perine,RB,CIN,6.26,,,,4.7,18.11,0.17,1.71,1.9,13.1,0.07,0.03
Austin Ekeler,RB,WAS,4.69,,,,3.91,18.33,0.17,0.92,1.15,6.51,0.05,0.02
Tyjae Spears,RB,TEN,6.54,,,,5.05,17.15,0.14,2.19,2.51,14.61,0.06,0.02
Keaton Mitchell,RB,LAC,9.37,,,,9.23,47.28,0.22,1.71,2.08,10.37,0.11,0.04
Chris Brooks,RB,GB,3.38,,,,2.77,14.0,0.08,0.74,1.01,5.79,0.03,0.01
Isaiah Davis,RB,NYJ,5.55,,,,4.54,23.74,0.23,0.86,0.96,6.77,0.04,0.02
Braelon Allen,RB,NYJ,15.33,,,,18.95,74.16,0.56,2.43,2.96,14.98,0.11,0.08
Kaleb Johnson,RB,GB,6.74,,,,8.21,32.54,0.25,0.86,1.45,8.57,0.05,0.04
Kyle Monangai,RB,CHI,9.53,,,,10.79,53.62,0.38,0.95,1.21,7.41,0.04,0.05
Kaelon Black,RB,SF,2.78,,,,4.52,15.29,0.05,0.48,0.64,3.45,0.02,0.02
Seth McGowan,RB,IND,2.8,,,,3.99,14.65,0.09,0.38,0.52,3.06,0.02,0.02
Ameer Abdullah,RB,JAX,0.96,,,,0.89,3.41,0.02,0.27,0.31,1.64,0.01,0.0
Christian McCaffrey,RB,SF,18.1,,,,16.15,59.56,0.58,4.55,5.78,29.43,0.2,0.08
Tony Pollard,RB,TEN,9.18,,,,12.88,48.51,0.27,1.6,1.94,9.37,0.04,0.05
Jonathan Taylor,RB,IND,18.91,,,,20.81,84.44,0.88,2.6,3.18,19.1,0.12,0.09
DeeJay Dallas,RB,MIN,2.01,,,,0.89,3.88,0.03,0.77,0.85,4.17,0.05,0.01
Reggie Gilliam,RB,NE,0.28,,,,0.11,0.47,0.0,0.09,0.12,0.88,0.01,
Tyler Allgeier,RB,ARI,9.14,,,,7.13,30.98,0.2,2.69,2.81,15.03,0.11,0.04
Connor Heyward,RB,LV,0.91,,,,0.45,1.64,0.02,0.3,0.41,2.34,0.02,0.0
Tyler Badie,RB,DEN,3.29,,,,1.0,4.07,0.03,1.22,1.65,10.79,0.07,0.01
Jacob Saylors,RB,DET,0.29,,,,0.26,1.3,0.01,0.05,0.07,0.49,0.0,0.0
MarShawn Lloyd,RB,GB,8.91,,,,7.44,33.19,0.28,1.8,2.53,15.78,0.1,0.04
Isaac Guerendo,RB,SF,,,,,,,,,,,,
Ashton Jeanty,RB,LV,16.05,,,,15.68,58.35,0.25,4.26,5.31,26.04,0.32,0.08
Demond Claiborne,RB,MIN,2.83,,,,3.27,11.32,0.12,0.47,0.57,2.96,0.03,0.01
Pierre Strong,RB,GB,4.05,,,,3.34,17.25,0.12,0.71,1.01,6.5,0.04,
Rachaad White,RB,WAS,6.43,,,,5.23,25.33,0.13,1.64,1.72,9.24,0.1,0.03
Julius Chestnut,RB,TEN,0.25,,,,0.24,0.77,0.0,0.07,0.1,0.57,0.0,0.0
Jahmyr Gibbs,RB,DET,25.7,,,,19.7,95.48,0.78,4.99,6.03,39.8,0.43,0.11
Bijan Robinson,RB,ATL,24.24,,,,20.75,96.19,0.9,4.19,5.11,36.4,0.25,0.1
Chris Rodriguez,RB,JAX,5.43,,,,6.37,25.14,0.32,0.45,0.64,4.1,0.02,0.03
Rasheen Ali,RB,BAL,0.25,,,,0.12,0.43,0.0,0.08,0.11,0.76,0.01,0.0
Will Shipley,RB,PHI,10.75,,,,13.98,37.58,0.25,2.93,3.58,19.75,0.11,0.06
Kimani Vidal,RB,LAC,5.3,,,,3.5,16.32,0.12,1.41,2.08,10.74,0.08,0.02
Bhayshul Tuten,RB,JAX,12.67,,,,15.06,59.29,0.53,1.62,2.03,12.43,0.12,0.07
Ollie Gordon,RB,MIA,12.44,,,,12.03,54.85,0.48,2.07,2.44,14.75,0.1,0.05
Quinshon Judkins,RB,CLE,11.54,,,,16.38,60.59,0.3,1.99,2.19,11.99,0.09,0.07
Mike Washington,RB,LV,5.34,,,,4.37,26.29,0.23,0.61,1.0,4.85,0.04,0.02
Max Bredeson,RB,MIN,0.1,,,,0.01,0.05,0.0,0.04,0.06,0.32,0.0,0.0
Derrick Henry,RB,BAL,18.06,,,,19.65,97.07,0.89,1.42,1.75,12.69,0.05,0.08
David Montgomery,RB,HOU,13.09,,,,14.46,45.07,0.73,2.0,2.09,15.23,0.12,0.06
Michael Carter,RB,TEN,0.12,,,,0.08,0.25,0.0,0.05,0.06,0.35,0.0,0.0
Dameon Pierce,RB,PHI,3.7,,,,4.85,17.75,0.11,0.66,0.85,4.25,0.03,0.02
Jaylen Warren,RB,PIT,15.16,,,,13.89,71.89,0.35,2.99,3.57,25.56,0.08,0.07
Emanuel Wilson,RB,SEA,12.16,,,,16.09,58.72,0.53,1.51,1.88,10.57,0.1,0.07
Tyrone Tracy,RB,NYG,0.92,,,,0.88,4.1,0.02,0.17,0.23,1.41,0.02,0.0
George Holani,RB,SEA,6.81,,,,6.97,23.85,0.14,1.8,2.19,13.16,0.09,0.04
Jaydon Blue,RB,PHI,1.47,,,,1.89,6.25,0.07,0.23,0.28,1.58,0.01,0.01
Raheim Sanders,RB,CLE,5.58,,,,4.68,19.42,0.04,1.65,1.9,12.2,0.1,0.02
Corey Kiner,RB,NE,0.58,,,,0.85,3.27,0.02,0.05,0.06,0.42,0.0,
Omarion Hampton,RB,LAC,9.27,,,,9.61,40.1,0.45,1.49,1.79,8.29,0.05,0.04
TreVeyon Henderson,RB,NE,10.88,,,,10.16,46.2,0.51,1.58,2.02,11.33,0.08,0.05
Nicholas Singleton,RB,TEN,1.31,,,,2.59,7.59,0.06,0.09,0.12,0.71,0.0,0.01
Riley Nowakowski,RB,PIT,0.11,,,,,,,0.04,0.06,0.46,0.0,0.0
Aaron Jones,RB,MIN,14.03,,,,18.13,69.99,0.34,2.58,3.27,15.35,0.16,0.08
Patrick Ricard,RB,NYG,0.12,,,,,,,0.05,0.08,0.47,0.0,0.0
Dare Ogunbowale,RB,HOU,0.18,,,,0.09,0.24,0.0,0.07,0.09,0.6,0.0,0.0
Justice Hill,RB,BAL,5.79,,,,3.69,16.03,0.08,1.81,2.22,14.81,0.08,0.02
Travis Homer,RB,PIT,0.31,,,,0.19,0.83,0.01,0.08,0.09,0.65,0.01,
Alec Ingold,RB,LAC,0.32,,,,0.26,0.87,0.01,0.08,0.12,0.72,0.0,0.0
D'Andre Swift,RB,CHI,14.44,,,,12.61,57.64,0.75,2.22,2.47,15.03,0.08,0.06
J.K. Dobbins,RB,DEN,9.1,,,,12.85,51.58,0.33,1.06,1.32,6.39,0.05,0.05
Najee Harris,RB,NYG,6.83,,,,8.84,42.69,0.2,0.68,0.87,5.17,0.04,0.04
Kene Nwangwu,RB,NYJ,0.37,,,,0.76,2.87,0.01,0.01,0.01,0.08,0.0,0.0
Blake Corum,RB,LAR,7.15,,,,8.48,43.22,0.28,0.55,0.89,3.97,0.04,0.04
Kyren Williams,RB,LAR,18.71,,,,15.03,79.89,0.76,2.9,3.69,20.4,0.21,0.08
Ray Davis,RB,BUF,0.93,,,,1.11,5.58,0.02,0.11,0.13,0.92,0.01,0.01
Ty Johnson,RB,BUF,5.02,,,,3.11,13.84,0.06,1.45,1.87,12.12,0.1,0.02
Dean Connors,RB,LAR,0.18,,,,0.1,0.46,0.0,0.05,0.07,0.4,0.0,0.0
James Cook,RB,BUF,15.61,,,,15.55,88.04,0.56,1.61,2.35,11.17,0.13,0.07
Le'Veon Bell,RB,,,,,,,,,,,,,
A.J. Rose,RB,,,,,,,,,,,,,
Aaron Shampklin,RB,,,,,,,,,,,,,
Salvon Ahmed,RB,CHI,,,,,,,,,,,,
Kendall Milton,RB,CIN,,,,,,,,,,,,
Adam Randall,RB,BAL,,,,,,,,,,,,
Dalyn Dawkins,RB,,,,,,,,,,,,,
Boston Scott,RB,,,,,,,,,,,,,
Melvin Gordon,RB,,,,,,,,,,,,,
Malcolm Johnson,RB,,,,,,,,,,,,,
Luke Sellers,RB,,,,,,,,,,,,,
TaMerik Williams,RB,,,,,,,,,,,,,
D.J. Foster,RB,,,,,,,,,,,,,
Rahsul Faison,RB,,,,,,,,,,,,,
Rex Burkhead,RB,,,,,,,,,,,,,
Demario Richard,RB,,,,,,,,,,,,,
Lincoln Pare,RB,,,,,,,,,,,,,
Deshaun Fenwick,RB,,,,,,,,,,,,,
Jordan Wilkins,RB,,,,,,,,,,,,,
Josh Ferguson,RB,,,,,,,,,,,,,
Kalif Phillips,RB,,,,,,,,,,,,,
Theo Riddick,RB,,,,,,,,,,,,,
Brandon Cottom,RB,,,,,,,,,,,,,
La'Mical Perine,RB,,,,,,,,,,,,,
Algernon Brown,RB,,,,,,,,,,,,,
Justin Jones,RB,,,,,,,,,,,,,
Adam Prentice,RB,DEN,,,,,,,,,,,,
Dion Lewis,RB,,,,,,,,,,,,,
Rasheed Williams,RB,,,,,,,,,,,,,
Paul Perkins,RB,,,,,,,,,,,,,
Trey Sermon,RB,ATL,,,,,,,,,,,,
Darius Clark,RB,,,,,,,,,,,,,
Javon Leake,RB,,,,,,,,,,,,,
Joel Bouagnon,RB,,,,,,,,,,,,,
Audric Estime,RB,MIN,,,,,,,,,,,,
Justin Crawford,RB,,,,,,,,,,,,,
Xazavian Valladay,RB,,,,,,,,,,,,,
Ronald Jones,RB,,,,,,,,,,,,,
Calvin Tyler,RB,,,,,,,,,,,,,
Jaden Nixon,RB,,,,,,,,,,,,,
Jashaun Corbin,RB,,,,,,,,,,,,,
JaQuan Hardy,RB,,,,,,,,,,,,,
Khalid Abdullah,RB,,,,,,,,,,,,,
Robert Henry,RB,SEA,,,,,,,,,,,,
John David Moore,RB,,,,,,,,,,,,,
Ja'Quan Gardner,RB,,,,,,,,,,,,,
Emani Bailey,RB,,,,,,,,,,,,,
Michael Herzog,RB,,,,,,,,,,,,,
Bruce Anderson,RB,,,,,,,,,,,,,
Jahwan Edwards,RB,,,,,,,,,,,,,
Christian Wade,RB,,,,,,,,,,,,,
Chris Evans,RB,,,,,,,,,,,,,
Andrew Beck,RB,NYJ,,,,,,,,,,,,
Sione Houma,RB,,,,,,,,,,,,,
Marquis Young,RB,,,,,,,,,,,,,
Corey Taylor,RB,,,,,,,,,,,,,
Darnell Holland,RB,,,,,,,,,,,,,
Brandon Bolden,RB,,,,,,,,,,,,,
Tory Carter,RB,,,,,,,,,,,,,
Khalil Herbert,RB,ATL,,,,,,,,,,,,
Ryan Mueller,RB,,,,,,,,,,,,,
Michael Burton,RB,CLE,,,,,,,,,,,,
Sandro Platzgummer,RB,,,,,,,,,,,,,
Lew Nichols,RB,PIT,,,,,,,,,,,,
Derrius Guice,RB,,,,,,,,,,,,,
Jacardia Wright,RB,SEA,,,,,,,,,,,,
Clyde Edwards-Helaire,RB,,,,,,,,,,,,,
Julius Davis,RB,,,,,,,,,,,,,
Travon McMillian,RB,,,,,,,,,,,,,
David Johnson,RB,,,,,,,,,,,,,
Darrynton Evans,RB,,,,,,,,,,,,,
Miles Davis,RB,,,,,,,,,,,,,
Xavier Jones,RB,,,,,,,,,,,,,
Austin Jones,RB,,,,,,,,,,,,,
J.D. McKissic,RB,,,,,,,,,,,,,
Marcus Major,RB,,,,,,,,,,,,,
I'Tavius Mathers,RB,,,,,,,,,,,,,
Phillip Lindsay,RB,,,,,,,,,,,,,
Marshaun Coprich,RB,,,,,,,,,,,,,
Ito Smith,RB,DAL,,,,,,,,,,,,
Rushel Shell,RB,,,,,,,,,,,,,
Jabari Small,RB,DET,,,,,,,,,,,,
Josh Rounds,RB,,,,,,,,,,,,,
Dylan Devezin,RB,,,,,,,,,,,,,
Elijah Mitchell,RB,,,,,,,,,,,,,
Devontae Booker,RB,,,,,,,,,,,,,
Robert Burns,RB,,,,,,,,,,,,,
Devine Ozigbo,RB,,,,,,,,,,,,,
Ben VanSumeren,RB,KC,,,,,,,,,,,,
Johnny Stanton,RB,,,,,,,,,,,,,
Martez Carter,RB,,,,,,,,,,,,,
Deion Hankins,RB,,,,,,,,,,,,,
Nico Evans,RB,,,,,,,,,,,,,
Jeff Wilson,RB,,,,,,,,,,,,,
DeaMonte Trayanum,RB,NYJ,,,,,,,,,,,,
Adrian Killins,RB,DEN,,,,,,,,,,,,
Carlos Hyde,RB,,,,,,,,,,,,,
Shane Wimann,RB,,,,,,,,,,,,,
Brenden Knox,RB,,,,,,,,,,,,,
Senorise Perry,RB,,,,,,,,,,,,,
Tarik Cohen,RB,,,,,,,,,,,,,
Rushawn Baker,RB,,,,,,,,,,,,,
Titus Swen,RB,,,,,,,,,,,,,
Kairee Robinson,RB,,,,,,,,,,,,,
Isiah Pacheco,RB,DET,,,,,,,,,,,,
Jawon Chisholm,RB,,,,,,,,,,,,,
Patrick DiMarco,RB,,,,,,,,,,,,,
Josh Adams,RB,,,,,,,,,,,,,
Benny LeMay,RB,CLE,,,,,,,,,,,,
Anthony Grant,RB,,,,,,,,,,,,,
Brady Russell,RB,SEA,,,,,,,,,,,,
Trey Benson,RB,ARI,,,,,,,,,,,,
Brandon Brown-Dukes,RB,,,,,,,,,,,,,
Demetric Felton,RB,,,,,,,,,,,,,
Todd Gurley,RB,,,,,,,,,,,,,
Mark Ingram,RB,,,,,,,,,,,,,
Kevin Harris,RB,,,,,,,,,,,,,
Christopher Ezeala,RB,,,,,,,,,,,,,
Jay Ajayi,RB,,,,,,,,,,,,,
Trayone Gray,RB,,,,,,,,,,,,,
Marcus Yarns,RB,,,,,,,,,,,,,
Myles Montgomery,RB,NE,,,,,,,,,,,,
Sam Rogers,RB,,,,,,,,,,,,,
Montrell Johnson,RB,,,,,,,,,,,,,
Spencer Nigh,RB,,,,,,,,,,,,,
D'Onta Foreman,RB,,,,,,,,,,,,,
Gus Johnson,RB,,,,,,,,,,,,,
Quali Conley,RB,,,,,,,,,,,,,
Darrin Hall,RB,,,,,,,,,,,,,
Ty Montgomery,RB,,,,,,,,,,,,,
Gerrid Doaks,RB,,,,,,,,,,,,,
Kalen Ballage,RB,,,,,,,,,,,,,
Patrick Carr,RB,,,,,,,,,,,,,
Connor Harris,RB,,,,,,,,,,,,,
Synjyn Days,RB,,,,,,,,,,,,,
Brashard Smith,RB,KC,,,,,,,,,,,,
Deneric Prince,RB,,,,,,,,,,,,,
Jeremy McNichols,RB,WAS,,,,,,,,,,,,
Kayron Lynch-Adams,RB,,,,,,,,,,,,,
Troy Hairston,RB,,,,,,,,,,,,,
Joe Williams,RB,,,,,,,,,,,,,
Nick Sharga,RB,,,,,,,,,,,,,
Matt Colburn,RB,,,,,,,,,,,,,
James Conner,RB,ARI,,,,,,,,,,,,
Soma Vainuku,RB,,,,,,,,,,,,,
Trey Edmunds,RB,,,,,,,,,,,,,
Nyheim Miller-Hines,RB,,,,,,,,,,,,,
Tyrion Davis-Price,RB,,,,,,,,,,,,,
Jermar Jefferson,RB,,,,,,,,,,,,,
Nate Carter,RB,KC,,,,,,,,,,,,
Garrett Groshek,RB,,,,,,,,,,,,,
Jeremy Cox,RB,,,,,,,,,,,,,
Trent Battle,RB,,,,,,,,,,,,,
Chris Thompson,RB,,,,,,,,,,,,,
Tre Stewart,RB,,,,,,,,,,,,,
Kenneth Dixon,RB,,,,,,,,,,,,,
Nick Chubb,RB,,,,,,,,,,,,,
Cordarrelle Patterson,RB,,,,,,,,,,,,,
Max Borghi,RB,,,,,,,,,,,,,
Cameron Scarlett,RB,,,,,,,,,,,,,
Shane Watts,RB,,,,,,,,,,,,,
Craig Reynolds,RB,WAS,,,,,,,,,,,,
Jordan Mason,RB,MIN,,,,,,,,,,,,
Greg Bell,RB,,,,,,,,,,,,,
Gregory Desrosiers,RB,LAC,,,,,,,,,,,,
Raymond Calais,RB,,,,,,,,,,,,,
Dontae McMillan,RB,SEA,,,,,,,,,,,,
Mathieu Severance,RB,,,,,,,,,,,,,
Alexander Mattison,RB,,,,,,,,,,,,,
Snoop Conner,RB,,,,,,,,,,,,,
Elijah Collins,RB,,,,,,,,,,,,,
Dexter Williams,RB,,,,,,,,,,,,,
Hassan Hall,RB,,,,,,,,,,,,,
John Kelly,RB,,,,,,,,,,,,,
Christian Powell,RB,,,,,,,,,,,,,
Mike Boone,RB,,,,,,,,,,,,,
Lucas Scott,RB,BAL,,,,,,,,,,,,
Elijah Tau-Tolliver,RB,,,,,,,,,,,,,
Dalton Crossan,RB,,,,,,,,,,,,,
Jake Bargas,RB,,,,,,,,,,,,,
Rajion Neal,RB,,,,,,,,,,,,,
Cody Schrader,RB,DEN,,,,,,,,,,,,
Darius Bradwell,RB,,,,,,,,,,,,,
British Brooks,RB,HOU,,,,,,,,,,,,
Alex Armah,RB,,,,,,,,,,,,,
A.J. Ouellette,RB,,,,,,,,,,,,,
LeVante Bellamy,RB,,,,,,,,,,,,,
Devine Redding,RB,,,,,,,,,,,,,
Jason Huntley,RB,,,,,,,,,,,,,
Dylan McDuffie,RB,,,,,,,,,,,,,
Jerick McKinnon,RB,,,,,,,,,,,,,
Velus Jones,RB,SEA,,,,,,,,,,,,
Brian Herrien,RB,,,,,,,,,,,,,
Frank Gore,RB,,,,,,,,,,,,,
Khari Blasingame,RB,,,,,,,,,,,,,
Mike Weber,RB,,,,,,,,,,,,,
Dominique Brown,RB,,,,,,,,,,,,,
Spencer Brown,RB,,,,,,,,,,,,,
Kenjon Barner,RB,,,,,,,,,,,,,
Owen Wright,RB,LV,,,,,,,,,,,,
Eli Heidenreich,RB,PIT,,,,,,,,,,,,
Ryan Nall,RB,,,,,,,,,,,,,
Darrius Sims,RB,,,,,,,,,,,,,
Marshawn Lynch,RB,,,,,,,,,,,,,
Marcus Martin,RB,,,,,,,,,,,,,
Nay'Quan Wright,RB,,,,,,,,,,,,,
Jordan Jones,RB,,,,,,,,,,,,,
Evan Hull,RB,ARI,,,,,,,,,,,,
Tony Jones,RB,,,,,,,,,,,,,
Ke'Shawn Vaughn,RB,,,,,,,,,,,,,
Trey Millard,RB,,,,,,,,,,,,,
Jerome Ford,RB,,,,,,,,,,,,,
D'Ernest Johnson,RB,,,,,,,,,,,,,
Louis Rees-Zammit,RB,,,,,,,,,,,,,
Robbie Ouzts,RB,SEA,,,,,,,,,,,,
Grant Finley,RB,NYG,,,,,,,,,,,,
Trestan Ebner,RB,,,,,,,,,,,,,
Jonathan Williams,RB,,,,,,,,,,,,,
JaMycal Hasty,RB,,,,,,,,,,,,,
Karan Higdon,RB,,,,,,,,,,,,,
Josh Caldwell,RB,,,,,,,,,,,,,
Dedrick Mills,RB,,,,,,,,,,,,,
Will Ratelle,RB,,,,,,,,,,,,,
Otis Anderson,RB,,,,,,,,,,,,,
Austin Ramesh,RB,,,,,,,,,,,,,
Charles McClelland,RB,,,,,,,,,,,,,
Elijah McGuire,RB,KC,,,,,,,,,,,,
Romar Morris,RB,,,,,,,,,,,,,
Matt Breida,RB,,,,,,,,,,,,,
BJ Baylor,RB,,,,,,,,,,,,,
Jake Funk,RB,,,,,,,,,,,,,
Keith Marshall,RB,,,,,,,,,,,,,
Tevin Coleman,RB,,,,,,,,,,,,,
Saquon Barkley,RB,PHI,,,,,,,,,,,,
Kevin Marks,RB,,,,,,,,,,,,,
Kennedy Brooks,RB,,,,,,,,,,,,,
Damien Williams,RB,,,,,,,,,,,,,
Darius Victor,RB,,,,,,,,,,,,,
Ian Wheeler,RB,,,,,,,,,,,,,
Darrell Henderson,RB,,,,,,,,,,,,,
Jadarian Price,RB,SEA,,,,,,,,,,,,
Camerun Peoples,RB,,,,,,,,,,,,,
Adam Choice,RB,,,,,,,,,,,,,
Davon Booth,RB,IND,,,,,,,,,,,,
Joshua Kelley,RB,,,,,,,,,,,,,
Marcus Marshall,RB,,,,,,,,,,,,,
Tony Creecy,RB,,,,,,,,,,,,,
James Gilbert,RB,,,,,,,,,,,,,
Roman Hemby,RB,LV,,,,,,,,,,,,
Ezekiel Elliott,RB,,,,,,,,,,,,,
Antonio Gibson,RB,,,,,,,,,,,,,
Barika Kpeenu,RB,,,,,,,,,,,,,
Josh Williams,RB,TB,,,,,,,,,,,,
Malik Williams,RB,,,,,,,,,,,,,
Tiyon Evans,RB,,,,,,,,,,,,,
Matt Colburn,RB,,,,,,,,,,,,,
Sincere McCormick,RB,SF,,,,,,,,,,,,
TD Ayo-Durojaiye,RB,,,,,,,,,,,,,
Le'Veon Moss,RB,,,,,,,,,,,,,
Zander Horvath,RB,,,,,,,,,,,,,
Terion Stewart,RB,,,,,,,,,,,,,
Buddy Howell,RB,,,,,,,,,,,,,
Rashaad Penny,RB,,,,,,,,,,,,,
Lee Ward,RB,,,,,,,,,,,,,
Connor Neighbors,RB,,,,,,,,,,,,,
Zach Line,RB,,,,,,,,,,,,,
Alex Barnes,RB,,,,,,,,,,,,,
Ronald Awatt,RB,,,,,,,,,,,,,
Chris Carson,RB,,,,,,,,,,,,,
Mataeo Durant,RB,,,,,,,,,,,,,
James Robinson,RB,,,,,,,,,,,,,
Kerryon Johnson,RB,,,,,,,,,,,,,
Alfred Morris,RB,,,,,,,,,,,,,
Roosevelt Nix,RB,,,,,,,,,,,,,
Aca'Cedric Ware,RB,,,,,,,,,,,,,
Elijah Holyfield,RB,,,,,,,,,,,,,
David Fluellen,RB,,,,,,,,,,,,,
Khalan Laborn,RB,,,,,,,,,,,,,
Keaontay Ingram,RB,,,,,,,,,,,,,
Quayvon Hicks,RB,,,,,,,,,,,,,
Nathan Cottrell,RB,,,,,,,,,,,,,
C.J. Anderson,RB,,,,,,,,,,,,,
De'Von Achane,RB,MIA,,,,,,,,,,,,
Dontrell Hilliard,RB,,,,,,,,,,,,,
Duke Johnson,RB,,,,,,,,,,,,,
Anthony McFarland,RB,,,,,,,,,,,,,
Trey Ragas,RB,,,,,,,,,,,,,
D'Vonte Price,RB,,,,,,,,,,,,,
Andrew Bonnet,RB,,,,,,,,,,,,,
Amar Johnson,RB,LAC,,,,,,,,,,,,
Gus Edwards,RB,,,,,,,,,,,,,
Jam Miller,RB,ATL,,,,,,,,,,,,
Jalen Richard,RB,LV,,,,,,,,,,,,
Jamal Haynes,RB,,,,,,,,,,,,,
Dante Miller,RB,,,,,,,,,,,,,
Jacques Patrick,RB,,,,,,,,,,,,,
Joshua Pitsenberger,RB,,,,,,,,,,,,,
Wes Hills,RB,,,,,,,,,,,,,
Devin Neal,RB,,,,,,,,,,,,,
Jackson Acker,RB,,,,,,,,,,,,,
Desmond Martin,RB,,,,,,,,,,,,,
Tyler Hoosman,RB,,,,,,,,,,,,,
Stanley Williams,RB,,,,,,,,,,,,,
Nick Brossette,RB,,,,,,,,,,,,,
DeWayne McBride,RB,,,,,,,,,,,,,
Raheem Mostert,RB,,,,,,,,,,,,,
Brock Lampe,RB,BUF,,,,,,,,,,,,
C.J. Ham,RB,,,,,,,,,,,,,
Bryant Koback,RB,,,,,,,,,,,,,
Rodney Smith,RB,,,,,,,,,,,,,
Anthony Hankerson,RB,,,,,,,,,,,,,
Isaiah Spiller,RB,,,,,,,,,,,,,
Jaylen Samuels,RB,,,,,,,,,,,,,
Jalen Simmons,RB,,,,,,,,,,,,,
Bruce Miller,RB,,,,,,,,,,,,,
Cash Jones,RB,,,,,,,,,,,,,
Zavier Scott,RB,CHI,,,,,,,,,,,,
Al-Jay Henderson,RB,NYJ,,,,,,,,,,,,
B.J. Emmons,RB,,,,,,,,,,,,,
Toa Taua,RB,,,,,,,,,,,,,
Tra Carson,RB,,,,,,,,,,,,,
De'Chavon Hayes,RB,,,,,,,,,,,,,
Jaden Shirden,RB,,,,,,,,,,,,,
Anderson Castle,RB,,,,,,,,,,,,,
James Develin,RB,,,,,,,,,,,,,
Tyler McCloskey,RB,,,,,,,,,,,,,
Jalen White,RB,,,,,,,,,,,,,
Javian Hawkins,RB,,,,,,,,,,,,,
Abram Smith,RB,,,,,,,,,,,,,
Reggie Bonnafon,RB,,,,,,,,,,,,,
Bilal Powell,RB,,,,,,,,,,,,,
Jordan Terrell,RB,,,,,,,,,,,,,
Terrell Newby,RB,,,,,,,,,,,,,
Timothy Flanders,RB,,,,,,,,,,,,,
Devontae Jackson,RB,,,,,,,,,,,,,
Valentine Holmes,RB,,,,,,,,,,,,,
Bobby Holly,RB,,,,,,,,,,,,,
Khalfani Muhammad,RB,,,,,,,,,,,,,
Ronald Jones,RB,,,,,,,,,,,,,
Gary Brightwell,RB,,,,,,,,,,,,,
Monte Pottebaum,RB,,,,,,,,,,,,,
Adrian Peterson,RB,,,,,,,,,,,,,
Darrel Williams,RB,,,,,,,,,,,,,
Justin Strong,RB,,,,,,,,,,,,,
Anthony Sherman,RB,,,,,,,,,,,,,
Sony Michel,RB,,,,,,,,,,,,,
Jordan Scarlett,RB,MIA,,,,,,,,,,,,
Trevor Etienne,RB,CAR,,,,,,,,,,,,
Trenton Cannon,RB,,,,,,,,,,,,,
Patrick Taylor,RB,,,,,,,,,,,,,
Qualan Jones,RB,,,,,,,,,,,,,
John Lovett,RB,,,,,,,,,,,,,
Tyreik McAllister,RB,,,,,,,,,,,,,
Rodney Hammond,RB,,,,,,,,,,,,,
Jonathan Ward,RB,BAL,,,,,,,,,,,,
Lan Larison,RB,NE,,,,,,,,,,,,
Brittain Brown,RB,CHI,,,,,,,,,,,,
Travis Dye,RB,,,,,,,,,,,,,
Aidan Robbins,RB,,,,,,,,,,,,,
Nathaniel Peat,RB,,,,,,,,,,,,,
Terrence Franks,RB,,,,,,,,,,,,,
La'Damian Webb,RB,,,,,,,,,,,,,
Brian Hill,RB,,,,,,,,,,,,,
Latavius Murray,RB,,,,,,,,,,,,,
Akrum Wadley,RB,,,,,,,,,,,,,
Tavien Feaster,RB,ARI,,,,,,,,,,,,
Scottie Phillips,RB,,,,,,,,,,,,,
Kaytron Allen,RB,WAS,,,,,,,,,,,,
Trayveon Williams,RB,,,,,,,,,,,,,
Damarea Crockett,RB,,,,,,,,,,,,,
Eno Benjamin,RB,,,,,,,,,,,,,
Alfonzo Graham,RB,,,,,,,,,,,,,
Kenneth Walker,RB,KC,,,,,,,,,,,,
Isaiah Jacobs,RB,,,,,,,,,,,,,
Sutton Smith,RB,,,,,,,,,,,,,
Damien Martinez,RB,,,,,,,,,,,,,
William Stanback,RB,,,,,,,,,,,,,
Jacob Kibodi,RB,,,,,,,,,,,,,
Jaydn Ott,RB,KC,,,,,,,,,,,,
Justin Jackson,RB,,,,,,,,,,,,,
Anthony Tyus,RB,CAR,,,,,,,,,,,,
Aaron Dykes,RB,,,,,,,,,,,,,
Lorenzo Lingard,RB,,,,,,,,,,,,,
ZaQuandre White,RB,,,,,,,,,,,,,
DeAndre Torrey,RB,,,,,,,,,,,,,
Mark Walton,RB,,,,,,,,,,,,,
Jordan Waters,RB,LAR,,,,,,,,,,,,
Henry Pearson,RB,,,,,,,,,,,,,
Keith Smith,RB,,,,,,,,,,,,,
Julian Allen,RB,,,,,,,,,,,,,
J.J. Taylor,RB,,,,,,,,,,,,,
Tony Brooks-James,RB,,,,,,,,,,,,,
Eric Gray,RB,,,,,,,,,,,,,
L.J. Scott,RB,,,,,,,,,,,,,
Devwah Whaley,RB,,,,,,,,,,,,,
Elijah Young,RB,,,,,,,,,,,,,
Josh Johnson,RB,,,,,,,,,,,,,
Lenard Tillery,RB,,,,,,,,,,,,,
Peyton Barber,RB,,,,,,,,,,,,,
Deon Jackson,RB,,,,,,,,,,,,,
Ricky Ortiz,RB,,,,,,,,,,,,,
Zach Laskey,RB,,,,,,,,,,,,,
Travis Etienne,RB,NO,,,,,,,,,,,,
Stephen Houston,RB,,,,,,,,,,,,,
Kylin Hill,RB,,,,,,,,,,,,,
Kobe McCrary,RB,,,,,,,,,,,,,
Stevie Scott,RB,,,,,,,,,,,,,
Giovani Bernard,RB,,,,,,,,,,,,,
Robert Burns,RB,CHI,,,,,,,,,,,,
Coleman Bennett,RB,,,,,,,,,,,,,
Jarveon Howard,RB,,,,,,,,,,,,,
Ronnie Rivers,RB,LAR,,,,,,,,,,,,
Darwin Thompson,RB,,,,,,,,,,,,,
Zach Ojile,RB,,,,,,,,,,,,,
Ricky Seale,RB,,,,,,,,,,,,,
Bronson Rechsteiner,RB,,,,,,,,,,,,,
Emmett Johnson,RB,KC,,,,,,,,,,,,
Noah Cain,RB,,,,,,,,,,,,,
Ryquell Armstead,RB,,,,,,,,,,,,,
Darrin Laufasa,RB,,,,,,,,,,,,,
Carlos Washington,RB,MIA,,,,,,,,,,,,
Jonathon Brooks,RB,CAR,,,,,,,,,,,,
Dylan Sampson,RB,CLE,,,,,,,,,,,,
Kejon Owens,RB,,,,,,,,,,,,,
Leddie Brown,RB,,,,,,,,,,,,,
Zack Moss,RB,,,,,,,,,,,,,
Tyler Renew,RB,,,,,,,,,,,,,
Darren Sproles,RB,,,,,,,,,,,,,
CJ Verdell,RB,,,,,,,,,,,,,
Mark Thompson,RB,,,,,,,,,,,,,
Royce Freeman,RB,,,,,,,,,,,,,
Spencer Ware,RB,,,,,,,,,,,,,
Jase McClellan,RB,,,,,,,,,,,,,
Taj McGowan,RB,,,,,,,,,,,,,
Samson Evans,RB,,,,,,,,,,,,,
Larry Rose,RB,,,,,,,,,,,,,
Benny Snell,RB,,,,,,,,,,,,,
Josh Hokit,RB,,,,,,,,,,,,,
Lawrance Toafili,RB,,,,,,,,,,,,,
Michael Dyer,RB,,,,,,,,,,,,,
Sewo Olonilua,RB,,,,,,,,,,,,,
Tank Bigsby,RB,PHI,,,,,,,,,,,,
Joe Mixon,RB,,,,,,,,,,,,,
James Summers,RB,,,,,,,,,,,,,
J'Mari Taylor,RB,JAX,,,,,,,,,,,,
Jason Cabinda,RB,,,,,,,,,,,,,
Daijun Edwards,RB,,,,,,,,,,,,,
Damien Harris,RB,,,,,,,,,,,,,
Hassan Haskins,RB,,,,,,,,,,,,,
Gerald Holmes,RB,,,,,,,,,,,,,
Emari Demercado,RB,DAL,,,,,,,,,,,,
Qadree Ollison,RB,,,,,,,,,,,,,
SaRodorick Thompson,RB,,,,,,,,,,,,,
Jordan Chunn,RB,,,,,,,,,,,,,
Terry Swanson,RB,,,,,,,,,,,,,
Ellis Merriweather,RB,,,,,,,,,,,,,
Ty Chandler,RB,NO,,,,,,,,,,,,
Carson Steele,RB,PHI,,,,,,,,,,,,
Nick Bawden,RB,,,,,,,,,,,,,
Frank Gore,RB,BUF,,,,,,,,,,,,
Robert Martin,RB,,,,,,,,,,,,,
Ja'Quinden Jackson,RB,,,,,,,,,,,,,
Tre Harbison,RB,,,,,,,,,,,,,
Kentrel Bullock,RB,CIN,,,,,,,,,,,,
Mark Weisman,RB,,,,,,,,,,,,,
Freddie Stevenson,RB,,,,,,,,,,,,,
LeSean McCoy,RB,,,,,,,,,,,,,
Austin Walter,RB,,,,,,,,,,,,,
Myles Gaskin,RB,,,,,,,,,,,,,
James Butler,RB,,,,,,,,,,,,,
Mohamed Ibrahim,RB,,,,,,,,,,,,,
Jordan Nubin,RB,,,,,,,,,,,,,
Bo Scarbrough,RB,,,,,,,,,,,,,
Mike Davis,RB,,,,,,,,,,,,,
Justin Stockton,RB,,,,,,,,,,,,,
Chris Warren,RB,,,,,,,,,,,,,
Dillon Johnson,RB,,,,,,,,,,,,,
Jordan Johnson,RB,,,,,,,,,,,,,
Jon Hilliman,RB,,,,,,,,,,,,,
Brandon Radcliff,RB,,,,,,,,,,,,,
Cam Akers,RB,,,,,,,,,,,,,
Clint Ratkovich,RB,,,,,,,,,,,,,
T.J. Pledger,RB,,,,,,,,,,,,,
Jaret Patterson,RB,CLE,,,,,,,,,,,,
DJ Giddens,RB,IND,,,,,,,,,,,,
Bryce Love,RB,,,,,,,,,,,,,
James White,RB,,,,,,,,,,,,,
Kalel Mullings,RB,TEN,,,,,,,,,,,,
Jordan Ellis,RB,,,,,,,,,,,,,
Lamar Miller,RB,,,,,,,,,,,,,
Chris Smith,RB,,,,,,,,,,,,,
Ervin Philips,RB,,,,,,,,,,,,,
Zach Evans,RB,,,,,,,,,,,,,
Shaun Wilson,RB,,,,,,,,,,,,,
De'Lance Turner,RB,,,,,,,,,,,,,
Keilan Robinson,RB,,,,,,,,,,,,,
Luke Lundy,RB,,,,,,,,,,,,,
Jonah Coleman,RB,DEN,,,,,,,,,,,,
Wayne Taulapapa,RB,,,,,,,,,,,,,
Kyle Coleman,RB,,,,,,,,,,,,,
Kye Robichaux,RB,,,,,,,,,,,,,
Javorius Allen,RB,,,,,,,,,,,,,
Michael Wiley,RB,,,,,,,,,,,,,
Jamize Olawale,RB,,,,,,,,,,,,,
Jerrion Ealy,RB,,,,,,,,,,,,,
Sherman Badie,RB,,,,,,,,,,,,,
Kyle Juszczyk,RB,SF,,,,,,,,,,,,
De'Mard Llorens,RB,,,,,,,,,,,,,
Troymaine Pope,RB,,,,,,,,,,,,,
Zonovan Knight,RB,ARI,,,,,,,,,,,,
Chuba Hubbard,RB,CAR,,,,,,,,,,,,
Daniel Marx,RB,,,,,,,,,,,,,
Ross Scheuerman,RB,,,,,,,,,,,,,
Ray Lawry,RB,,,,,,,,,,,,,
Markese Stepp,RB,,,,,,,,,,,,,
Alstevis Squirewell,RB,,,,,,,,,,,,,
Kareem Hunt,RB,,,,,,,,,,,,,
Kerrith Whyte,RB,GB,,,,,,,,,,,,
T.J. Yeldon,RB,,,,,,,,,,,,,
Malcolm Brown,RB,,,,,,,,,,,,,
George Aston,RB,,,,,,,,,,,,,
Terrell Jennings,RB,,,,,,,,,,,,,
Taiwan Jones,RB,,,,,,,,,,,,,
Dominic Richardson,RB,,,,,,,,,,,,,
Raheem Blackshear,RB,,,,,,,,,,,,,
Devon Johnson,RB,,,,,,,,,,,,,
C.J. Prosise,RB,,,,,,,,,,,,,
Malik Davis,RB,DAL,,,,,,,,,,,,
Nick Ralston,RB,,,,,,,,,,,,,
Andy Janovich,RB,,,,,,,,,,,,,
Rakeem Boyd,RB,,,,,,,,,,,,,
Ricky Person,RB,,,,,,,,,,,,,
Keshawn Hill,RB,,,,,,,,,,,,,
Master Teague,RB,,,,,,,,,,,,,
Taquan Mizzell,RB,NYG,,,,,,,,,,,,
Dan Vitale,RB,,,,,,,,,,,,,
Ramon Jefferson,RB,,,,,,,,,,,,,
Gabe Nabers,RB,,,,,,,,,,,,,
D.J. Williams,RB,,,,,,,,,,,,,
Jarquez Hunter,RB,MIA,,,,,,,,,,,,
Henry Poggi,RB,,,,,,,,,,,,,
Toriano Clinton,RB,,,,,,,,,,,,,
Elijhaa Penny,RB,,,,,,,,,,,,,
Pete Guerriero,RB,,,,,,,,,,,,,
Derrick Gore,RB,,,,,,,,,,,,,
Trey Potts,RB,,,,,,,,,,,,,
Brandon Ross,RB,,,,,,,,,,,,,
Sone Ntoh,RB,,,,,,,,,,,,,
Ronnie Brown,RB,,,,,,,,,,,,,
Rodney Anderson,RB,,,,,,,,,,,,,
Shermari Jones,RB,,,,,,,,,,,,,
Robert Turbin,RB,,,,,,,,,,,,,
Luke McNitt,RB,,,,,,,,,,,,,
Tayon Fleet-Davis,RB,,,,,,,,,,,,,
T.J. Logan,RB,,,,,,,,,,,,,
Kadarius Calloway,RB,,,,,,,,,,,,,
Kobe Lewis,RB,,,,,,,,,,,,,
Artavis Pierce,RB,,,,,,,,,,,,,
Israel Abanikanda,RB,DAL,,,,,,,,,,,,
Marcus Cooper,RB,,,,,,,,,,,,,
Kevorian Barnes,RB,,,,,,,,,,,,,
Dontae Strickland,RB,,,,,,,,,,,,,
Kamryn Pettway,RB,,,,,,,,,,,,,
Trent Howland,RB,,,,,,,,,,,,,
Jakob Johnson,RB,,,,,,,,,,,,,
Jordon Vaughn,RB,,,,,,,,,,,,,
Leonard Fournette,RB,,,,,,,,,,,,,
Jordan Mims,RB,,,,,,,,,,,,,
ShunDerrick Powell,RB,,,,,,,,,,,,,
Jamaal Williams,RB,,,,,,,,,,,,,
Zamir White,RB,NO,,,,,,,,,,,,
Jawhar Jordan,RB,HOU,,,,,,,,,,,,
Ty'Son Williams,RB,,,,,,,,,,,,,
Avery Williams,RB,,,,,,,,,,,,,
EJ Smith,RB,,,,,,,,,,,,,
Chris Collier,RB,LV,,,,,,,,,,,,
Desmond Reid,RB,,,,,,,,,,,,,
Jalen Jackson,RB,,,,,,,,,,,,,
Elijah Dotson,RB,,,,,,,,,,,,,
Godwin Igwebuike,RB,,,,,,,,,,,,,
Corey Clement,RB,,,,,,,,,,,,,
Miles Sanders,RB,,,,,,,,,,,,,
Isaiah Bowser,RB,,,,,,,,,,,,,
Jalin Moore,RB,,,,,,,,,,,,,
Blake Watson,RB,,,,,,,,,,,,,
Patrick Laird,RB,,,,,,,,,,,,,
Dwayne Washington,RB,,,,,,,,,,,,,
Wayne Gallman,RB,,,,,,,,,,,,,
Mekhi Sargent,RB,,,,,,,,,,,,,
Cedric O'Neal,RB,,,,,,,,,,,,,
Tyler Ervin,RB,,,,,,,,,,,,,
Josh Jacobs,RB,GB,,,,,,,,,,,,
Zach Charbonnet,RB,SEA,,,,,,,,,,,,
Corey Knox,RB,,,,,,,,,,,,,
Cullen Gillaspia,RB,,,,,,,,,,,,,
Khalid Hill,RB,,,,,,,,,,,,,
Braylon Heard,RB,,,,,,,,,,,,,
Deuce Vaughn,RB,HOU,,,,,,,,,,,,
Rodney Smith,RB,,,,,,,,,,,,,
Devonta Freeman,RB,,,,,,,,,,,,,
Tim Cook,RB,,,,,,,,,,,,,
Ulysses Bentley,RB,NO,,,,,,,,,,,,
Chandler Cox,RB,,,,,,,,,,,,,
Zach Zenner,RB,,,,,,,,,,,,,
Josh Pitsenburger,RB,,,,,,,,,,,,,
Dalvin Cook,RB,,,,,,,,,,,,,
Ahmani Marshall,RB,CAR,,,,,,,,,,,,
TJ Harden,RB,,,,,,,,,,,,,
Larry Rountree,RB,,,,,,,,,,,,,
Marlon Mack,RB,,,,,,,,,,,,,
Sam Scott,RB,,,,,,,,,,,,,
Alex Tecza,RB,,,,,,,,,,,,,
Connor Slomka,RB,,,,,,,,,,,,,
CJ Marable,RB,,,,,,,,,,,,,
DeAndre Washington,RB,,,,,,,,,,,,,
Derek Watt,RB,,,,,,,,,,,,,
Phil Mafah,RB,NYG,,,,,,,,,,,,
Zac Brooks,RB,,,,,,,,,,,,,
Napoleon Maxwell,RB,,,,,,,,,,,,,
Breece Hall,RB,NYJ,,,,,,,,,,,,
Mikey Daniel,RB,,,,,,,,,,,,,
Noah Whittington,RB,HOU,,,,,,,,,,,,
Michael Warren,RB,DET,,,,,,,,,,,,
Joe Bacci,RB,,,,,,,,,,,,,
Damon Bankston,RB,GB,,,,,,,,,,,,
Roydell Williams,RB,,,,,,,,,,,,,
Kenneth Harper,RB,,,,,,,,,,,,,
Mason Stokke,RB,CAR,,,,,,,,,,,,
Jack Colletto,RB,,,,,,,,,,,,,
Micah Bernard,RB,,,,,,,,,,,,,
Jarvion Franklin,RB,,,,,,,,,,,,,
Pooka Williams,RB,,,,,,,,,,,,,
Jordan Howard,RB,,,,,,,,,,,,,
AJ Dillon,RB,CAR,,,,,,,,,,,,
Anthony Jones,RB,,,,,,,,,,,,,
Chris Swain,RB,,,,,,,,,,,,,
Chase Edmonds,RB,,,,,,,,,,,,,
Caleb Huntley,RB,,,,,,,,,,,,,
Donovan Edwards,RB,,,,,,,,,,,,,
Kenny McIntosh,RB,,,,,,,,,,,,,
Nate Noel,RB,,,,,,,,,,,,,
John Lovett,RB,,,,,,,,,,,,,
Daryl Virgies,RB,,,,,,,,,,,,,
Wendell Smallwood,RB,WAS,,,,,,,,,,,,
Kenyan Drake,RB,,,,,,,,,,,,,
De'Montre Tuggle,RB,,,,,,,,,,,,,
Zach Olstad,RB,,,,,,,,,,,,,
Marcelias Sutton,RB,,,,,,,,,,,,,
Darius Anderson,RB,,,,,,,,,,,,,
Darius Hagans,RB,,,,,,,,,,,,,
Xavier Turner,RB,,,,,,,,,,,,,
Nate McCrary,RB,,,,,,,,,,,,,
Darius Jackson,RB,,,,,,,,,,,,,
John Robinson-Woodgett,RB,,,,,,,,,,,,,
Emeka Egbuka,WR,TB,10.84,,,,0.12,0.51,0.0,3.78,6.13,50.89,0.32,0.01
CeeDee Lamb,WR,DAL,20.71,,,,0.44,2.4,0.01,6.53,9.04,101.79,0.61,0.03
KaVontae Turpin,WR,DAL,2.63,,,,0.59,3.43,0.03,0.65,1.05,10.65,0.07,0.01
Ted Hurst,WR,TB,6.29,,,,0.08,0.43,0.0,1.99,3.59,29.86,0.21,0.01
Jonathan Mingo,WR,DAL,0.34,,,,,,,0.1,0.24,1.69,0.01,
Ryan Flournoy,WR,DAL,8.37,,,,0.06,0.28,0.0,3.11,4.71,37.57,0.24,0.01
Chris Godwin,WR,TB,10.29,,,,0.03,0.17,0.0,3.97,4.78,45.49,0.29,0.01
George Pickens,WR,DAL,13.86,,,,0.06,0.26,0.0,4.57,6.95,72.16,0.34,0.02
Kameron Johnson,WR,TB,0.52,,,,0.05,0.28,0.0,0.17,0.27,2.12,0.02,0.0
Tez Johnson,WR,TB,4.24,,,,0.23,0.96,0.01,1.35,2.39,20.12,0.12,0.01
Michael Wilson,WR,ARI,16.0,,,,0.05,0.23,0.0,5.16,9.01,70.17,0.63,0.02
Jared Wayne,WR,HOU,2.12,,,,,,,0.85,1.2,9.48,0.05,
Devontez Walker,WR,BAL,3.71,,,,0.06,0.25,0.0,0.98,1.96,19.95,0.11,0.0
Anthony Gould,WR,IND,0.21,,,,,,,0.09,0.12,0.87,0.01,0.0
Devaughn Vele,WR,NO,9.7,,,,0.05,0.22,0.0,3.78,6.09,46.38,0.21,0.02
Tory Horton,WR,SEA,3.58,,,,0.06,0.25,0.0,1.22,1.88,15.14,0.13,0.01
Luther Burden,WR,CHI,11.38,,,,0.68,3.41,0.02,4.26,5.64,54.05,0.21,0.02
Jordan Watkins,WR,SF,1.05,,,,,,,0.36,0.64,5.62,0.02,
Darius Cooper,WR,PHI,7.01,,,,,,,2.76,4.06,29.42,0.22,0.01
Elijah Sarratt,WR,BAL,1.85,,,,0.01,0.03,0.0,0.67,1.12,9.07,0.05,0.0
KC Concepcion,WR,CLE,9.59,,,,0.77,3.11,0.02,3.8,5.92,36.81,0.28,0.02
Chris Bell,WR,MIA,7.89,,,,0.04,0.18,0.0,2.55,5.28,42.26,0.18,0.01
Kevin Coleman,WR,MIA,5.04,,,,,,,1.66,4.11,24.77,0.15,0.01
Zavion Thomas,WR,CHI,0.77,,,,0.12,0.56,0.0,0.29,0.41,2.86,0.02,0.0
Bryce Lance,WR,NO,2.85,,,,,,,1.1,2.13,13.7,0.06,0.0
Colbie Young,WR,CIN,0.67,,,,,,,0.3,0.34,2.69,0.02,0.0
Kaden Wetjen,WR,PIT,0.15,,,,0.05,0.23,0.0,0.04,0.06,0.5,0.0,
Barion Brown,WR,NO,0.49,,,,,,,0.2,0.33,2.18,0.01,0.0
Malik McClain,WR,NYJ,0.2,,,,,,,0.08,0.12,0.86,0.01,
Laquon Treadwell,WR,IND,2.44,,,,,,,0.88,1.15,11.34,0.07,
Chris Moore,WR,BAL,0.19,,,,,,,0.06,0.11,1.05,0.01,0.0
Cooper Kupp,WR,SEA,6.35,,,,0.07,0.32,0.0,2.22,3.47,29.24,0.19,0.01
Marquez Valdes-Scantling,WR,LAC,0.69,,,,,,,0.25,0.6,3.29,0.02,0.0
Olamide Zaccheaus,WR,ATL,3.23,,,,0.23,1.01,0.01,1.17,2.05,14.3,0.08,0.01
Devin Duvernay,WR,ARI,0.22,,,,0.04,0.2,0.0,0.08,0.12,0.73,0.01,0.0
Cody White,WR,LV,6.75,,,,,,,2.04,3.42,25.16,0.36,0.01
Darnell Mooney,WR,NYG,4.36,,,,0.01,0.07,0.0,1.42,2.73,22.98,0.11,0.01
Ja'Marr Chase,WR,CIN,19.23,,,,0.28,1.13,0.01,6.81,9.13,83.94,0.64,0.03
Ben Skowronek,WR,PIT,0.26,,,,,,,0.08,0.13,1.04,0.01,
Garrett Wilson,WR,NYJ,15.86,,,,0.31,1.14,0.01,5.91,7.55,65.32,0.54,0.02
Kevin Austin,WR,NO,0.09,,,,,,,0.04,0.07,0.41,0.0,0.0
Rashid Shaheed,WR,SEA,6.7,,,,0.69,4.36,0.04,2.21,4.07,29.73,0.14,0.01
Marvin Mims,WR,DEN,3.63,,,,0.46,1.94,0.02,1.29,1.98,14.99,0.09,0.01
DeMario Douglas,WR,NE,3.89,,,,0.37,1.58,0.01,1.45,2.49,18.18,0.07,0.01
Kayshon Boutte,WR,HOU,5.89,,,,,,,2.16,3.31,29.84,0.12,0.01
Derius Davis,WR,LAC,0.22,,,,0.14,0.68,0.0,0.05,0.09,0.5,0.0,0.0
Rome Odunze,WR,CHI,9.37,,,,0.01,0.05,0.0,3.32,5.47,48.14,0.2,0.01
Roman Wilson,WR,PIT,9.26,,,,0.03,0.12,0.0,3.02,5.32,39.93,0.37,0.01
Tai Felton,WR,MIN,0.97,,,,0.05,0.19,0.0,0.39,0.57,3.53,0.03,0.0
Efton Chism,WR,NE,3.69,,,,,,,1.23,1.87,16.58,0.13,0.01
LaJohntay Wester,WR,BAL,0.21,,,,0.05,0.22,0.0,0.07,0.11,0.91,0.0,0.0
Jahdae Walker,WR,CHI,1.49,,,,,,,0.49,0.76,5.66,0.07,0.0
Germie Bernard,WR,PIT,7.22,,,,0.05,0.26,0.0,2.54,4.43,33.0,0.22,0.01
Deion Burks,WR,IND,0.19,,,,,,,0.07,0.12,0.82,0.01,0.0
Deebo Samuel,WR,SF,10.01,,,,1.13,5.58,0.04,3.75,5.62,42.27,0.21,0.02
Amon-Ra St. Brown,WR,DET,20.89,,,,0.27,1.62,0.01,6.56,9.82,86.39,0.91,0.03
Drake London,WR,ATL,17.26,,,,0.07,0.22,0.0,5.89,9.31,93.95,0.32,0.02
Skyy Moore,WR,GB,3.92,,,,0.26,1.47,0.01,1.47,2.86,19.11,0.06,0.01
Bo Melton,WR,GB,0.45,,,,0.18,1.04,0.01,0.09,0.24,1.67,0.01,0.0
Britain Covey,WR,PHI,0.55,,,,,,,0.24,0.37,2.39,0.01,0.0
Jaxon Smith-Njigba,WR,SEA,22.77,,,,0.47,2.02,0.02,6.67,9.54,96.99,1.01,0.03
Josh Downs,WR,IND,10.39,,,,0.12,0.36,0.0,3.9,6.33,50.37,0.24,0.02
Quentin Johnston,WR,LAC,7.66,,,,0.2,0.81,0.01,2.49,5.48,37.84,0.21,0.01
Malik Washington,WR,MIA,11.13,,,,0.97,5.04,0.05,3.99,6.75,49.97,0.22,0.02
Malachi Corley,WR,CLE,0.21,,,,0.14,1.0,0.0,0.04,0.05,0.43,0.0,0.0
Luke McCaffrey,WR,WAS,0.42,,,,,,,0.16,0.23,1.81,0.01,0.0
Elic Ayomanor,WR,TEN,5.31,,,,0.03,0.09,0.0,1.65,3.47,27.29,0.15,0.01
Malachi Fields,WR,NYG,5.38,,,,0.04,0.15,0.0,1.72,3.4,25.73,0.18,0.01
Makai Lemon,WR,PHI,6.74,,,,0.09,0.32,0.0,3.23,4.43,26.28,0.14,0.01
Keenan Allen,WR,IND,8.26,,,,,,,3.47,5.18,35.69,0.2,0.01
Calvin Ridley,WR,TEN,2.65,,,,0.01,0.02,0.0,0.97,1.66,13.33,0.06,0.0
Darius Slayton,WR,IND,0.4,,,,,,,0.14,0.29,2.16,0.01,0.0
Tom Kennedy,WR,DET,0.13,,,,,,,0.04,0.07,0.59,0.0,0.0
Jaylen Waddle,WR,DEN,12.15,,,,0.23,1.21,0.01,4.3,7.43,63.92,0.22,0.02
Nico Collins,WR,HOU,16.82,,,,0.24,1.15,0.01,5.37,7.79,80.52,0.53,0.02
Jahan Dotson,WR,ATL,3.29,,,,0.03,0.12,0.0,1.19,2.43,15.76,0.08,0.01
Jameson Williams,WR,DET,11.76,,,,0.58,3.3,0.02,3.53,5.89,59.5,0.31,0.02
Tay Martin,WR,DET,0.33,,,,,,,0.11,0.17,1.49,0.01,0.0
Parker Washington,WR,JAX,13.95,,,,0.53,1.36,0.01,4.43,7.33,67.84,0.42,0.02
Tre Tucker,WR,LV,8.09,,,,0.5,2.37,0.02,2.9,4.89,37.85,0.18,0.01
Xavier Hutchinson,WR,HOU,2.63,,,,0.07,0.37,0.0,0.98,1.8,13.6,0.04,0.0
Charlie Jones,WR,NYG,0.24,,,,0.06,0.32,0.0,0.07,0.12,0.87,0.01,0.0
Marvin Harrison,WR,ARI,5.84,,,,,,,1.84,4.05,28.14,0.2,0.01
Brian Thomas,WR,JAX,6.81,,,,0.22,1.1,0.01,2.4,4.31,33.46,0.15,0.01
Malik Nabers,WR,NYG,14.0,,,,0.29,1.12,0.01,5.03,8.99,66.82,0.36,0.02
Isaiah Bond,WR,CLE,2.45,,,,0.18,0.87,0.0,0.79,1.36,11.53,0.07,0.0
Isaac TeSlaa,WR,DET,6.22,,,,0.05,0.26,0.0,1.84,3.24,31.31,0.2,0.01
Denzel Boston,WR,CLE,10.43,,,,0.14,0.68,0.0,3.02,5.02,49.79,0.39,0.01
Stefon Diggs,WR,WAS,11.29,,,,,,,4.0,6.03,45.48,0.46,0.02
Kalif Raymond,WR,CHI,7.44,,,,0.2,1.08,0.01,2.94,3.53,33.12,0.17,0.01
Courtland Sutton,WR,DEN,8.72,,,,,,,2.8,5.86,42.96,0.27,0.01
DK Metcalf,WR,PIT,12.97,,,,0.15,0.7,0.01,3.8,7.66,61.97,0.47,0.02
Marquise Brown,WR,PHI,0.45,,,,0.01,0.02,0.0,0.18,0.28,2.08,0.01,0.0
Jakobi Meyers,WR,JAX,8.76,,,,0.29,1.21,0.01,3.33,4.93,40.25,0.2,0.02
Rashod Bateman,WR,BAL,6.36,,,,0.06,0.28,0.0,2.23,3.93,32.75,0.14,0.01
Romeo Doubs,WR,NE,11.16,,,,,,,3.61,5.91,57.59,0.3,0.02
Wan'Dale Robinson,WR,TEN,9.54,,,,0.13,0.51,0.0,4.06,6.3,41.55,0.21,0.02
Treylon Burks,WR,WAS,0.56,,,,0.25,1.23,0.01,0.14,0.29,1.62,0.01,0.0
Jalen Nailor,WR,LV,3.07,,,,0.25,0.96,0.01,1.04,1.96,13.09,0.1,0.0
Zay Flowers,WR,BAL,16.98,,,,0.21,1.31,0.01,5.27,7.59,84.25,0.51,0.02
Jalen Brooks,WR,ARI,0.37,,,,,,,0.14,0.25,1.63,0.01,0.0
Isaiah Williams,WR,NYJ,7.76,,,,0.23,1.43,0.01,3.56,4.5,32.93,0.12,0.02
Adonai Mitchell,WR,NYJ,,,,,,,,,,,,
Ladd McConkey,WR,LAC,7.83,,,,0.11,0.51,0.0,2.67,4.47,37.53,0.22,0.01
Tre' Harris,WR,LAC,8.43,,,,0.14,0.64,0.0,3.28,5.81,45.53,0.09,0.01
Jaylin Noel,WR,HOU,6.45,,,,0.09,0.39,0.0,2.14,3.06,32.39,0.17,0.01
Chimere Dike,WR,TEN,1.91,,,,0.21,0.53,0.01,0.78,1.11,7.84,0.04,0.0
Myles Price,WR,MIN,0.1,,,,,,,0.04,0.06,0.37,0.0,
Dohnte Meyers,WR,CIN,6.7,,,,0.08,0.33,0.0,2.59,3.62,29.5,0.18,
Carnell Tate,WR,TEN,12.08,,,,0.03,0.08,0.0,5.05,8.22,59.73,0.18,0.02
Zachariah Branch,WR,ATL,3.38,,,,0.15,0.6,0.01,1.31,1.98,14.7,0.08,0.01
Josh Cameron,WR,JAX,3.37,,,,0.19,0.77,0.01,1.06,1.66,12.75,0.15,0.01
Mike Evans,WR,SF,13.49,,,,,,,4.23,7.32,64.26,0.47,0.02
Mack Hollins,WR,NE,9.0,,,,0.05,0.24,0.0,3.43,5.29,45.62,0.17,0.02
Tim Patrick,WR,NYJ,3.48,,,,,,,1.38,1.95,14.86,0.1,0.01
Terry McLaurin,WR,WAS,10.13,,,,0.06,0.29,0.0,3.46,6.03,47.51,0.31,0.01
Ashton Dulin,WR,IND,2.22,,,,0.08,0.5,0.0,0.73,1.44,10.31,0.06,0.0
Jerry Jeudy,WR,CLE,2.94,,,,0.03,0.14,0.0,1.16,1.9,13.29,0.07,0.0
Dyami Brown,WR,WAS,0.75,,,,0.02,0.09,0.0,0.3,0.57,3.35,0.02,0.0
Elijah Moore,WR,PHI,0.93,,,,0.07,0.23,0.0,0.37,0.65,4.07,0.02,
Jalen Tolbert,WR,MIA,1.8,,,,,,,0.68,1.17,8.77,0.04,0.0
Chris Olave,WR,NO,16.21,,,,0.05,0.18,0.0,5.3,8.83,80.64,0.47,0.02
Jordan Addison,WR,MIN,8.43,,,,0.32,2.78,0.03,2.62,5.01,34.98,0.31,0.01
Mitch Tinsley,WR,CIN,2.85,,,,,,,1.1,1.72,12.18,0.09,0.0
Jacob Cowing,WR,SF,3.08,,,,,,,1.19,1.99,14.22,0.08,0.01
Troy Franklin,WR,DEN,7.09,,,,0.11,0.41,0.0,2.4,4.29,34.47,0.2,0.01
Matthew Golden,WR,GB,12.84,,,,0.21,0.99,0.01,4.1,8.09,68.5,0.29,0.02
Travis Hunter,WR,JAX,0.98,,,,0.15,0.54,0.0,0.35,0.62,4.17,0.02,0.0
Kyle Williams,WR,NE,1.51,,,,0.06,0.24,0.0,0.44,0.93,7.01,0.06,0.0
Antonio Williams,WR,WAS,6.63,,,,0.12,0.58,0.01,2.45,3.88,26.55,0.24,0.01
Malik Benson,WR,LV,0.85,,,,,,,0.36,0.65,3.4,0.02,0.0
Brenen Thompson,WR,LAC,0.8,,,,,,,0.32,0.6,3.57,0.02,0.0
Brandin Cooks,WR,SF,0.91,,,,,,,0.3,0.64,4.8,0.02,0.0
Kendrick Bourne,WR,ARI,6.75,,,,,,,2.76,3.76,30.11,0.16,0.01
Justin Jefferson,WR,MIN,16.33,,,,0.06,0.21,0.0,5.65,8.4,70.18,0.6,0.02
Tee Higgins,WR,CIN,13.18,,,,0.06,0.28,0.0,4.23,6.2,66.83,0.37,0.02
Jauan Jennings,WR,MIN,3.33,,,,,,,1.01,1.71,10.91,0.2,0.0
Christian Watson,WR,GB,15.55,,,,0.1,0.59,0.0,4.04,7.25,74.87,0.65,0.02
Dareke Young,WR,LV,0.48,,,,,,,0.18,0.3,2.27,0.01,0.0
Dontayvion Wicks,WR,PHI,9.07,,,,0.04,0.18,0.0,3.24,5.16,43.68,0.24,0.01
Jordan Whittington,WR,LAR,1.18,,,,0.06,0.31,0.0,0.44,0.68,4.98,0.03,0.0
DJ Moore,WR,BUF,9.6,,,,0.32,1.55,0.01,2.79,5.15,44.02,0.36,0.01
Puka Nacua,WR,LAR,20.61,,,,0.41,2.74,0.03,6.49,10.09,96.67,0.67,0.03
Keon Coleman,WR,BUF,9.15,,,,0.04,0.18,0.0,3.28,5.15,46.88,0.19,0.02
Konata Mumpfield,WR,LAR,1.85,,,,,,,0.56,1.37,8.0,0.08,0.0
Greg Dortch,WR,BUF,0.65,,,,0.11,0.54,0.0,0.22,0.32,2.32,0.02,0.0
Tutu Atwell,WR,LAR,0.1,,,,0.01,0.02,0.0,0.03,0.07,0.51,0.0,0.0
Joshua Palmer,WR,BUF,5.0,,,,,,,1.86,3.22,25.27,0.1,0.01
Skyler Bell,WR,BUF,0.27,,,,0.03,0.15,0.0,0.09,0.16,1.12,0.01,0.0
Davante Adams,WR,LAR,15.5,,,,,,,4.35,8.44,78.31,0.55,0.02
Khalil Shakir,WR,BUF,9.89,,,,0.1,0.45,0.0,4.16,6.27,47.21,0.16,0.02
DeAndrew White,WR,,,,,,,,,,,,,
Ricky Jeune,WR,,,,,,,,,,,,,
Jerome Kapp,WR,,,,,,,,,,,,,
Jakeem Grant,WR,,,,,,,,,,,,,
Jaron Brown,WR,,,,,,,,,,,,,
Michael Gallup,WR,,,,,,,,,,,,,
De'Anthony Thomas,WR,,,,,,,,,,,,,
Tyren Montgomery,WR,TEN,,,,,,,,,,,,
Miles Boykin,WR,,,,,,,,,,,,,
Dorian Singer,WR,,,,,,,,,,,,,
Dante Pettis,WR,SF,,,,,,,,,,,,
Rashard Davis,WR,,,,,,,,,,,,,
Drew Morgan,WR,,,,,,,,,,,,,
John Ross,WR,,,,,,,,,,,,,
Johnny King,WR,,,,,,,,,,,,,
Tevin Jones,WR,,,,,,,,,,,,,
David Watford,WR,,,,,,,,,,,,,
Evan Berry,WR,,,,,,,,,,,,,
Taylor Grimes,WR,,,,,,,,,,,,,
Ty James,WR,,,,,,,,,,,,,
DeAngelo Hardy,WR,,,,,,,,,,,,,
Jequez Ezzard,WR,,,,,,,,,,,,,
Albert Wilson,WR,,,,,,,,,,,,,
Jacolby George,WR,,,,,,,,,,,,,
Ife Adeyi,WR,,,,,,,,,,,,,
Sean Modster,WR,,,,,,,,,,,,,
Cole Beck,WR,,,,,,,,,,,,,
Michael Strachan,WR,,,,,,,,,,,,,
Julian Fleming,WR,,,,,,,,,,,,,
Robbie Chosen,WR,,,,,,,,,,,,,
Marvin Bracy,WR,,,,,,,,,,,,,
Josh Kelly,WR,HOU,,,,,,,,,,,,
T.J. Vasher,WR,,,,,,,,,,,,,
Mark Chapman,WR,,,,,,,,,,,,,
Ke'Shawn Williams,WR,CIN,,,,,,,,,,,,
Alexander Hollins,WR,,,,,,,,,,,,,
Brycen Tremayne,WR,CAR,,,,,,,,,,,,
Brian Brown,WR,,,,,,,,,,,,,
Keke Coutee,WR,,,,,,,,,,,,,
Mathew Sexton,WR,,,,,,,,,,,,,
Donaven McCulley,WR,,,,,,,,,,,,,
Caleb Chapman,WR,,,,,,,,,,,,,
Josh Ali,WR,,,,,,,,,,,,,
Stephon Robinson,WR,,,,,,,,,,,,,
Blayne Taylor,WR,,,,,,,,,,,,,
Mac Dalena,WR,,,,,,,,,,,,,
Devin Gardner,WR,,,,,,,,,,,,,
Tyler Simmons,WR,,,,,,,,,,,,,
Dorren Miller,WR,,,,,,,,,,,,,
Chris King,WR,,,,,,,,,,,,,
Johnny Wilson,WR,PHI,,,,,,,,,,,,
De'Quan Hampton,WR,,,,,,,,,,,,,
Chad Williams,WR,,,,,,,,,,,,,
Isaac Zico,WR,,,,,,,,,,,,,
Corey Rucker,WR,LV,,,,,,,,,,,,
O'Mega Blake,WR,,,,,,,,,,,,,
Jamaal Pritchett,WR,NYJ,,,,,,,,,,,,
Thomas Sperbeck,WR,,,,,,,,,,,,,
Anthony Nash,WR,,,,,,,,,,,,,
Isaiah Wright,WR,,,,,,,,,,,,,
Tyler Kahmann,WR,,,,,,,,,,,,,
Brevin Easton,WR,,,,,,,,,,,,,
Blake Proehl,WR,,,,,,,,,,,,,
Jamaal Jones,WR,,,,,,,,,,,,,
James Washington,WR,,,,,,,,,,,,,
Hamze El-Zayat,WR,,,,,,,,,,,,,
Travis Toivonen,WR,,,,,,,,,,,,,
Darrius Shepherd,WR,,,,,,,,,,,,,
Ahmarean Brown,WR,,,,,,,,,,,,,
Jayden Reed,WR,GB,,,,,,,,,,,,
Seth Williams,WR,,,,,,,,,,,,,
Michael Johnson,WR,,,,,,,,,,,,,
Corbin Louks,WR,,,,,,,,,,,,,
Jason Brownlee,WR,,,,,,,,,,,,,
JoJo Natson,WR,,,,,,,,,,,,,
Ja'Corey Brooks,WR,,,,,,,,,,,,,
Pharoh Cooper,WR,,,,,,,,,,,,,
Daikiel Shorts,WR,,,,,,,,,,,,,
Kadarius Toney,WR,,,,,,,,,,,,,
Quez Watkins,WR,IND,,,,,,,,,,,,
Jaden Smith,WR,,,,,,,,,,,,,
Adrian Coxson,WR,,,,,,,,,,,,,
CJ Williams,WR,JAX,,,,,,,,,,,,
Willie Snead,WR,,,,,,,,,,,,,
C.J. Germany,WR,,,,,,,,,,,,,
CJ Daniels,WR,LAR,,,,,,,,,,,,
E.J. Williams,WR,,,,,,,,,,,,,
Dontez Byrd,WR,,,,,,,,,,,,,
Tre'Quan Smith,WR,,,,,,,,,,,,,
Gary Jennings,WR,LAC,,,,,,,,,,,,
Jamari Staples,WR,,,,,,,,,,,,,
Jerand Bradley,WR,,,,,,,,,,,,,
Trinity Benson,WR,,,,,,,,,,,,,
Gavin Holmes,WR,,,,,,,,,,,,,
Trevon Clark,WR,,,,,,,,,,,,,
Thyrick Pitts,WR,,,,,,,,,,,,,
Steven Sims,WR,,,,,,,,,,,,,
Dai'Jean Dixon,WR,,,,,,,,,,,,,
Tyjon Lindsey,WR,,,,,,,,,,,,,
Trevion Thompson,WR,,,,,,,,,,,,,
Gabe Marks,WR,,,,,,,,,,,,,
Landon Parker,WR,,,,,,,,,,,,,
David Durden,WR,,,,,,,,,,,,,
Noah Thomas,WR,CIN,,,,,,,,,,,,
Jalen Hurd,WR,,,,,,,,,,,,,
Gabriel Benyard,WR,,,,,,,,,,,,,
Steven Mitchell,WR,,,,,,,,,,,,,
Malik Earl,WR,,,,,,,,,,,,,
Jaelon Darden,WR,,,,,,,,,,,,,
Dakereon Joyner,WR,,,,,,,,,,,,,
Peter LeBlanc,WR,,,,,,,,,,,,,
Deontay Burnett,WR,,,,,,,,,,,,,
Marken Michel,WR,,,,,,,,,,,,,
Shelton Gibson,WR,,,,,,,,,,,,,
Harvey Binford,WR,,,,,,,,,,,,,
Gio Pascascio,WR,,,,,,,,,,,,,
J.J. Jones,WR,,,,,,,,,,,,,
Rondale Moore,WR,,,,,,,,,,,,,
Jalen Moss,WR,,,,,,,,,,,,,
Kahlil Lewis,WR,,,,,,,,,,,,,
RJ Mobley,WR,,,,,,,,,,,,,
Caullin Lacy,WR,,,,,,,,,,,,,
Omari Evans,WR,KC,,,,,,,,,,,,
Adonis Jennings,WR,,,,,,,,,,,,,
Diontae Spencer,WR,,,,,,,,,,,,,
Damien Alford,WR,,,,,,,,,,,,,
Tyler Snead,WR,,,,,,,,,,,,,
Robert Lewis,WR,,,,,,,,,,,,,
Isaiah Zuber,WR,,,,,,,,,,,,,
Ricky White,WR,SEA,,,,,,,,,,,,
Casey Washington,WR,CAR,,,,,,,,,,,,
Felton Davis,WR,,,,,,,,,,,,,
Ishmael Zamora,WR,,,,,,,,,,,,,
Brandon Hayes,WR,,,,,,,,,,,,,
Alshon Jeffery,WR,,,,,,,,,,,,,
Micah Wright,WR,,,,,,,,,,,,,
Keon Hatcher,WR,,,,,,,,,,,,,
Davion Davis,WR,,,,,,,,,,,,,
Brandon Shippen,WR,,,,,,,,,,,,,
Cameron Batson,WR,,,,,,,,,,,,,
Johnnie Dixon,WR,,,,,,,,,,,,,
Tyrell Williams,WR,,,,,,,,,,,,,
Elijhah Badger,WR,,,,,,,,,,,,,
Mohamed Sanu,WR,,,,,,,,,,,,,
Xavier Loyd,WR,,,,,,,,,,,,,
DeAngelo Yancey,WR,,,,,,,,,,,,,
Tyler Boyd,WR,,,,,,,,,,,,,
Keelan Marion,WR,,,,,,,,,,,,,
Jeremiah Haydel,WR,,,,,,,,,,,,,
Justin Marshall,WR,,,,,,,,,,,,,
Braxton Berrios,WR,NYG,,,,,,,,,,,,
Latreal Jones,WR,,,,,,,,,,,,,
Jerreth Sterns,WR,,,,,,,,,,,,,
Kearis Jackson,WR,,,,,,,,,,,,,
John Metchie,WR,CAR,,,,,,,,,,,,
Ka'Raun White,WR,,,,,,,,,,,,,
Cade Johnson,WR,,,,,,,,,,,,,
Redd Douglas,WR,,,,,,,,,,,,,
Nick Westbrook-Ikhine,WR,IND,,,,,,,,,,,,
Sincere Brown,WR,,,,,,,,,,,,,
Sam Pinckney,WR,,,,,,,,,,,,,
KhaDarel Hodge,WR,,,,,,,,,,,,,
Lucky Jackson,WR,DET,,,,,,,,,,,,
Des Lawrence,WR,,,,,,,,,,,,,
Devin Gray,WR,,,,,,,,,,,,,
Richie James,WR,,,,,,,,,,,,,
Jamoi Mayes,WR,,,,,,,,,,,,,
Anthony Miller,WR,,,,,,,,,,,,,
DaMarkus Lodge,WR,,,,,,,,,,,,,
Simi Fehoko,WR,ARI,,,,,,,,,,,,
Chandler Brayboy,WR,NE,,,,,,,,,,,,
K.J. Osborn,WR,TEN,,,,,,,,,,,,
Josh Imatorbhebhe,WR,,,,,,,,,,,,,
Montrell Washington,WR,,,,,,,,,,,,,
Xavier Weaver,WR,,,,,,,,,,,,,
Collin Johnson,WR,,,,,,,,,,,,,
Bennie Fowler,WR,,,,,,,,,,,,,
Anthony Schwartz,WR,,,,,,,,,,,,,
Derel Walker,WR,,,,,,,,,,,,,
Josh Harper,WR,,,,,,,,,,,,,
Stephen Louis,WR,,,,,,,,,,,,,
DeVonte Dedmon,WR,,,,,,,,,,,,,
Allen Lazard,WR,,,,,,,,,,,,,
Calvin Jackson,WR,,,,,,,,,,,,,
Marcus Kemp,WR,,,,,,,,,,,,,
Devon Cajuste,WR,,,,,,,,,,,,,
Isaiah Winstead,WR,,,,,,,,,,,,,
Le'Meke Brockington,WR,,,,,,,,,,,,,
Kermit Whitfield,WR,,,,,,,,,,,,,
Colton Dowell,WR,,,,,,,,,,,,,
Marcus Green,WR,,,,,,,,,,,,,
Jonathan Duhart,WR,,,,,,,,,,,,,
Curtis Samuel,WR,,,,,,,,,,,,,
Joe Horn,WR,,,,,,,,,,,,,
Deontez Alexander,WR,,,,,,,,,,,,,
DeMeer Blankumsee,WR,,,,,,,,,,,,,
Daniel George,WR,,,,,,,,,,,,,
Corey Willis,WR,,,,,,,,,,,,,
Malik Williams,WR,,,,,,,,,,,,,
Jimmy Holiday,WR,KC,,,,,,,,,,,,
Kole Wilson,WR,,,,,,,,,,,,,
Jake Bobo,WR,SEA,,,,,,,,,,,,
Demarcus Robinson,WR,SF,,,,,,,,,,,,
Tanner Gentry,WR,,,,,,,,,,,,,
Cody Thompson,WR,,,,,,,,,,,,,
Keytaon Thompson,WR,,,,,,,,,,,,,
Marcus Riley,WR,,,,,,,,,,,,,
Brady Boyd,WR,,,,,,,,,,,,,
Alex Bullock,WR,,,,,,,,,,,,,
Jordan Veasy,WR,,,,,,,,,,,,,
Calvin Austin,WR,NYG,,,,,,,,,,,,
Austin Trammell,WR,JAX,,,,,,,,,,,,
John Jackson,WR,,,,,,,,,,,,,
Jermaine Jackson,WR,,,,,,,,,,,,,
Dontay Demus,WR,,,,,,,,,,,,,
Denzel Mims,WR,,,,,,,,,,,,,
Jahmal Banks,WR,,,,,,,,,,,,,
Kelvin Harmon,WR,,,,,,,,,,,,,
Malik Turner,WR,SF,,,,,,,,,,,,
Andre Patton,WR,,,,,,,,,,,,,
Kenny Stills,WR,,,,,,,,,,,,,
Cyrus Holder,WR,,,,,,,,,,,,,
Maurice Alexander,WR,,,,,,,,,,,,,
Joseph Parker,WR,,,,,,,,,,,,,
Jamari Thrash,WR,,,,,,,,,,,,,
Jontre Kirklin,WR,,,,,,,,,,,,,
Marcus Simms,WR,,,,,,,,,,,,,
Brian Burt,WR,,,,,,,,,,,,,
Alex Erickson,WR,,,,,,,,,,,,,
Luke Floriea,WR,,,,,,,,,,,,,
Cameron Ross,WR,DEN,,,,,,,,,,,,
Alex Bachman,WR,LAR,,,,,,,,,,,,
Tony Brown,WR,,,,,,,,,,,,,
Sam Schnee,WR,,,,,,,,,,,,,
Jared Murphy,WR,,,,,,,,,,,,,
Derrick Willies,WR,,,,,,,,,,,,,
Jason Moore,WR,,,,,,,,,,,,,
Liam Clifford,WR,,,,,,,,,,,,,
Bryan Thompson,WR,,,,,,,,,,,,,
Marquise Goodwin,WR,,,,,,,,,,,,,
Lujuan Winningham,WR,,,,,,,,,,,,,
Montorie Foster,WR,SEA,,,,,,,,,,,,
Devonte Ross,WR,,,,,,,,,,,,,
Osirus Mitchell,WR,,,,,,,,,,,,,
Jalen McMillan,WR,TB,,,,,,,,,,,,
Dalevon Campbell,WR,,,,,,,,,,,,,
Canaan Severin,WR,,,,,,,,,,,,,
Terry Wright,WR,,,,,,,,,,,,,
Cody Hollister,WR,,,,,,,,,,,,,
Charleston Rambo,WR,,,,,,,,,,,,,
Marcus Burke,WR,,,,,,,,,,,,,
Adam Humphries,WR,,,,,,,,,,,,,
Ben Patterson,WR,,,,,,,,,,,,,
Dezmon Patmon,WR,,,,,,,,,,,,,
Emmanuel Butler,WR,,,,,,,,,,,,,
David Porter,WR,,,,,,,,,,,,,
Devonte Boyd,WR,,,,,,,,,,,,,
Jazz Ferguson,WR,,,,,,,,,,,,,
Uzoma Nwachukwu,WR,,,,,,,,,,,,,
Randall Cobb,WR,,,,,,,,,,,,,
K.D. Cannon,WR,,,,,,,,,,,,,
Kelly Akharaiyi,WR,,,,,,,,,,,,,
Malachi Jones,WR,,,,,,,,,,,,,
Darren Carrington,WR,,,,,,,,,,,,,
Cam Sims,WR,,,,,,,,,,,,,
Ezell Ruffin,WR,,,,,,,,,,,,,
Dom Williams,WR,,,,,,,,,,,,,
Caleb Scott,WR,TEN,,,,,,,,,,,,
Golden Tate,WR,,,,,,,,,,,,,
Preston Fox,WR,,,,,,,,,,,,,
Jon'Vea Johnson,WR,,,,,,,,,,,,,
A.J. Richardson,WR,,,,,,,,,,,,,
DeMichael Harris,WR,,,,,,,,,,,,,
Ed Lee,WR,,,,,,,,,,,,,
Tommy Mellott,WR,,,,,,,,,,,,,
Titus Davis,WR,,,,,,,,,,,,,
Jerjuan Newton,WR,,,,,,,,,,,,,
Jadakis Bonds,WR,,,,,,,,,,,,,
Dontae Fleming,WR,NYG,,,,,,,,,,,,
Nigel King,WR,,,,,,,,,,,,,
Taysir Mack,WR,,,,,,,,,,,,,
J.J. Nelson,WR,,,,,,,,,,,,,
Dean Patterson,WR,TB,,,,,,,,,,,,
Duke Williams,WR,,,,,,,,,,,,,
Johnathan Lloyd,WR,,,,,,,,,,,,,
Ethan Fernea,WR,,,,,,,,,,,,,
Zay Malone,WR,,,,,,,,,,,,,
Anthony Kelly,WR,,,,,,,,,,,,,
A.J. Green,WR,,,,,,,,,,,,,
Ontaria Wilson,WR,,,,,,,,,,,,,
C.J. Saunders,WR,,,,,,,,,,,,,
Terry Godwin,WR,,,,,,,,,,,,,
Aron Cruickshank,WR,,,,,,,,,,,,,
Bell Braylon,WR,,,,,,,,,,,,,
Jordan Moore,WR,CIN,,,,,,,,,,,,
Michael Dereus,WR,,,,,,,,,,,,,
Juwan Green,WR,,,,,,,,,,,,,
Devin Smith,WR,,,,,,,,,,,,,
Ricky Pearsall,WR,SF,,,,,,,,,,,,
Anthony Smith,WR,DAL,,,,,,,,,,,,
Henry Litwin,WR,,,,,,,,,,,,,
Ronnie Bell,WR,,,,,,,,,,,,,
Damon Sheehy-Guiseppi,WR,,,,,,,,,,,,,
Kenny Golladay,WR,,,,,,,,,,,,,
Daewood Davis,WR,,,,,,,,,,,,,
Bryan Edwards,WR,,,,,,,,,,,,,
Quincy Skinner,WR,GB,,,,,,,,,,,,
Matt Landers,WR,,,,,,,,,,,,,
Aleva Hifo,WR,,,,,,,,,,,,,
John Ursua,WR,,,,,,,,,,,,,
Vernon Johnson,WR,,,,,,,,,,,,,
Caleb Douglas,WR,MIA,,,,,,,,,,,,
Braxton Westfield,WR,,,,,,,,,,,,,
Mason Tipton,WR,NO,,,,,,,,,,,,
Ahmad Wagner,WR,,,,,,,,,,,,,
Vyncint Smith,WR,,,,,,,,,,,,,
Eric Rogers,WR,,,,,,,,,,,,,
Jarred Haggins,WR,,,,,,,,,,,,,
Jose Barbon,WR,,,,,,,,,,,,,
KeeSean Johnson,WR,,,,,,,,,,,,,
Tyshaun James,WR,,,,,,,,,,,,,
Daniel Jackson,WR,,,,,,,,,,,,,
Tre Turner,WR,,,,,,,,,,,,,
Jordan Hudson,WR,DAL,,,,,,,,,,,,
Drew Estrada,WR,,,,,,,,,,,,,
Marvelle Ross,WR,,,,,,,,,,,,,
Chris Blair,WR,ATL,,,,,,,,,,,,
Penny Hart,WR,,,,,,,,,,,,,
Matt Cole,WR,,,,,,,,,,,,,
Kristian Wilkerson,WR,,,,,,,,,,,,,
Devon Williams,WR,,,,,,,,,,,,,
Shaquelle Evans,WR,,,,,,,,,,,,,
Nick Williams,WR,DEN,,,,,,,,,,,,
Marcus Tucker,WR,,,,,,,,,,,,,
Brandon Lewis,WR,,,,,,,,,,,,,
Elijah Cooks,WR,,,,,,,,,,,,,
J.J. Koski,WR,,,,,,,,,,,,,
Lil'Jordan Humphrey,WR,DEN,,,,,,,,,,,,
Travell Harris,WR,,,,,,,,,,,,,
Marcus Sanders,WR,,,,,,,,,,,,,
Terique Owens,WR,,,,,,,,,,,,,
Nyqwan Murray,WR,,,,,,,,,,,,,
Johnny Holton,WR,,,,,,,,,,,,,
Garrett Johnson,WR,,,,,,,,,,,,,
Thomas Ives,WR,CHI,,,,,,,,,,,,
JuJu Smith-Schuster,WR,,,,,,,,,,,,,
Russell Gage,WR,,,,,,,,,,,,,
Michael Walker,WR,,,,,,,,,,,,,
Tyreek Hill,WR,,,,,,,,,,,,,
Tim Jones,WR,JAX,,,,,,,,,,,,
Isaiah Neyor,WR,GB,,,,,,,,,,,,
Wayne Ruby,WR,,,,,,,,,,,,,
David White,WR,,,,,,,,,,,,,
Raphael Leonard,WR,,,,,,,,,,,,,
Cephus Johnson,WR,,,,,,,,,,,,,
Paul Browning,WR,,,,,,,,,,,,,
Tyler Adams,WR,,,,,,,,,,,,,
Josh Smith,WR,,,,,,,,,,,,,
Jimmy Horn,WR,CLE,,,,,,,,,,,,
William Fuller,WR,,,,,,,,,,,,,
Shae Wyatt,WR,,,,,,,,,,,,,
Trey Griffey,WR,,,,,,,,,,,,,
Ja'Marcus Bradley,WR,,,,,,,,,,,,,
Kenny Lawler,WR,,,,,,,,,,,,,
Mikah Holder,WR,,,,,,,,,,,,,
Russell Shepard,WR,,,,,,,,,,,,,
Marcus Peterson,WR,,,,,,,,,,,,,
T.J. Simmons,WR,,,,,,,,,,,,,
Jared Bernhardt,WR,,,,,,,,,,,,,
Savion Williams,WR,GB,,,,,,,,,,,,
Aaron Lacombe,WR,,,,,,,,,,,,,
Anthony Johnson,WR,,,,,,,,,,,,,
Bryce Oliver,WR,HOU,,,,,,,,,,,,
Frank Darby,WR,,,,,,,,,,,,,
Lynn Bowden,WR,,,,,,,,,,,,,
Marcus Johnson,WR,,,,,,,,,,,,,
Josh Doctson,WR,,,,,,,,,,,,,
Deven Thompkins,WR,LV,,,,,,,,,,,,
Malachi Carter,WR,,,,,,,,,,,,,
Jalen Guyton,WR,,,,,,,,,,,,,
Dayton Wade,WR,,,,,,,,,,,,,
Darece Roberson,WR,,,,,,,,,,,,,
Irv Charles,WR,SEA,,,,,,,,,,,,
Phil Lutz,WR,,,,,,,,,,,,,
Floyd Allen,WR,,,,,,,,,,,,,
Jacob Harris,WR,,,,,,,,,,,,,
Joseph Ngata,WR,,,,,,,,,,,,,
Treveyon Pratt,WR,,,,,,,,,,,,,
Marquez Clark,WR,,,,,,,,,,,,,
Mekhi Mews,WR,,,,,,,,,,,,,
Keilahn Harris,WR,,,,,,,,,,,,,
Eli Pancol,WR,IND,,,,,,,,,,,,
Carlos Henderson,WR,,,,,,,,,,,,,
Jamison Crowder,WR,,,,,,,,,,,,,
Daniel Williams,WR,,,,,,,,,,,,,
Sean Ryan,WR,,,,,,,,,,,,,
Seth Dawkins,WR,,,,,,,,,,,,,
Dez Stewart,WR,,,,,,,,,,,,,
Jake Wieneke,WR,,,,,,,,,,,,,
DeAndre Carter,WR,,,,,,,,,,,,,
Devin Carter,WR,,,,,,,,,,,,,
Andrei Iosivas,WR,CIN,,,,,,,,,,,,
Robert Davis,WR,,,,,,,,,,,,,
Kalil Pimpleton,WR,,,,,,,,,,,,,
Shay Fields,WR,,,,,,,,,,,,,
Jaylon Moore,WR,,,,,,,,,,,,,
Jelani Baker,WR,,,,,,,,,,,,,
Damiere Byrd,WR,,,,,,,,,,,,,
Josh Reynolds,WR,,,,,,,,,,,,,
Dez Fitzpatrick,WR,,,,,,,,,,,,,
De'Zhaun Stribling,WR,SF,,,,,,,,,,,,
Ricky Collins,WR,,,,,,,,,,,,,
Darvin Kidsy,WR,,,,,,,,,,,,,
Rashard Higgins,WR,,,,,,,,,,,,,
Cam Camper,WR,,,,,,,,,,,,,
Kawaan Baker,WR,,,,,,,,,,,,,
A.J. Brown,WR,NE,,,,,,,,,,,,
Gunner Olszewski,WR,NYG,,,,,,,,,,,,
Colby Pearson,WR,,,,,,,,,,,,,
Geremy Davis,WR,,,,,,,,,,,,,
Diontae Johnson,WR,,,,,,,,,,,,,
Darrell Stewart,WR,,,,,,,,,,,,,
Kaden Prather,WR,,,,,,,,,,,,,
JaQuae Jackson,WR,,,,,,,,,,,,,
Ryan Switzer,WR,,,,,,,,,,,,,
Tyler Hudson,WR,,,,,,,,,,,,,
Aaron Fuller,WR,,,,,,,,,,,,,
Kyre Duplessis,WR,,,,,,,,,,,,,
Dontrelle Inman,WR,,,,,,,,,,,,,
Samson Nacua,WR,,,,,,,,,,,,,
Tim Wilson,WR,,,,,,,,,,,,,
Jaxon Janke,WR,,,,,,,,,,,,,
Keith Kirkwood,WR,,,,,,,,,,,,,
Cayleb Jones,WR,,,,,,,,,,,,,
Amari Cooper,WR,,,,,,,,,,,,,
Michael Rector,WR,,,,,,,,,,,,,
Mike Williams,WR,,,,,,,,,,,,,
Praise Olatoke,WR,,,,,,,,,,,,,
Kobe Hudson,WR,,,,,,,,,,,,,
Bryce Bobo,WR,,,,,,,,,,,,,
Je'Quan Burton,WR,,,,,,,,,,,,,
Jaelon Acklin,WR,,,,,,,,,,,,,
Ahmad Fulwood,WR,,,,,,,,,,,,,
Josh Gordon,WR,,,,,,,,,,,,,
Jonah Trinnaman,WR,,,,,,,,,,,,,
Michael Bandy,WR,DEN,,,,,,,,,,,,
Ted Ginn,WR,,,,,,,,,,,,,
Stephen Gosnell,WR,BUF,,,,,,,,,,,,
Dalen Cambre,WR,NYG,,,,,,,,,,,,
Chris Brazzell,WR,CAR,,,,,,,,,,,,
Jaylin Lane,WR,WAS,,,,,,,,,,,,
Danny Anthrop,WR,,,,,,,,,,,,,
Braydon Johnson,WR,,,,,,,,,,,,,
Ja'Mori Maclin,WR,BUF,,,,,,,,,,,,
Stanley Morgan,WR,,,,,,,,,,,,,
Alex Wesley,WR,,,,,,,,,,,,,
Alec Pierce,WR,IND,,,,,,,,,,,,
Kenny Bell,WR,,,,,,,,,,,,,
John Hightower,WR,,,,,,,,,,,,,
Kai Locksley,WR,,,,,,,,,,,,,
Aaron Anderson,WR,,,,,,,,,,,,,
Kendall Hinton,WR,,,,,,,,,,,,,
Phillip Brooks,WR,,,,,,,,,,,,,
Darius Davis,WR,,,,,,,,,,,,,
Brennan Eagles,WR,,,,,,,,,,,,,
Trebor Pena,WR,JAX,,,,,,,,,,,,
Chris Hilton,WR,,,,,,,,,,,,,
Marchie Murdock,WR,,,,,,,,,,,,,
Savon Scarver,WR,,,,,,,,,,,,,
Josh Vann,WR,,,,,,,,,,,,,
Harrison Wallace,WR,ARI,,,,,,,,,,,,
Jamire Jordan,WR,,,,,,,,,,,,,
Nick Easley,WR,,,,,,,,,,,,,
Kendrick Ings,WR,,,,,,,,,,,,,
Chase Claypool,WR,,,,,,,,,,,,,
Jaquarii Roberson,WR,,,,,,,,,,,,,
Sy Barnett,WR,,,,,,,,,,,,,
Anthony Dable,WR,,,,,,,,,,,,,
Dredrick Snelson,WR,,,,,,,,,,,,,
Kyle Philips,WR,,,,,,,,,,,,,
Jeff Caldwell,WR,KC,,,,,,,,,,,,
Ramel Keyton,WR,,,,,,,,,,,,,
KJ Hill,WR,LAC,,,,,,,,,,,,
Austin Carr,WR,,,,,,,,,,,,,
Cam Johnson,WR,,,,,,,,,,,,,
Isaiah Hodgins,WR,PIT,,,,,,,,,,,,
Mitch Mathews,WR,,,,,,,,,,,,,
Germone Hopper,WR,,,,,,,,,,,,,
Silas Bolden,WR,,,,,,,,,,,,,
Mecole Hardman,WR,,,,,,,,,,,,,
Antwane Wells,WR,ATL,,,,,,,,,,,,
Traeshon Holden,WR,,,,,,,,,,,,,
C.J. Charleston,WR,,,,,,,,,,,,,
Mason Kinsey,WR,,,,,,,,,,,,,
Brisly Estime,WR,,,,,,,,,,,,,
Davon Grayson,WR,,,,,,,,,,,,,
Kyron Hudson,WR,,,,,,,,,,,,,
Lacoltan Bester,WR,,,,,,,,,,,,,
Fred Trevillion,WR,,,,,,,,,,,,,
Xavier Guillory,WR,BAL,,,,,,,,,,,,
Marquez Stevenson,WR,,,,,,,,,,,,,
Jared Dangerfield,WR,,,,,,,,,,,,,
KeVonn Mabon,WR,,,,,,,,,,,,,
Joe Horn,WR,,,,,,,,,,,,,
Chris Tyree,WR,,,,,,,,,,,,,
Darius Prince,WR,,,,,,,,,,,,,
Landon Lenoir,WR,,,,,,,,,,,,,
Adam Thielen,WR,,,,,,,,,,,,,
JJ Laap,WR,,,,,,,,,,,,,
OJ Hiliare,WR,,,,,,,,,,,,,
Kaden Davis,WR,CHI,,,,,,,,,,,,
Tre Mosley,WR,,,,,,,,,,,,,
Devin Ross,WR,,,,,,,,,,,,,
T.J. Jones,WR,,,,,,,,,,,,,
George Campbell,WR,,,,,,,,,,,,,
Isaiah Wooden,WR,,,,,,,,,,,,,
Daurice Fountain,WR,,,,,,,,,,,,,
Jester Weah,WR,,,,,,,,,,,,,
Dazz Newsome,WR,,,,,,,,,,,,,
Taywan Taylor,WR,,,,,,,,,,,,,
Karel Hamilton,WR,,,,,,,,,,,,,
Dennis Parks,WR,,,,,,,,,,,,,
Avery Davis,WR,,,,,,,,,,,,,
Tony Stevens,WR,,,,,,,,,,,,,
Jaleel Scott,WR,,,,,,,,,,,,,
Eric McAlister,WR,,,,,,,,,,,,,
Kekoa Crawford,WR,,,,,,,,,,,,,
Brandon Powell,WR,,,,,,,,,,,,,
Andrew Armstrong,WR,KC,,,,,,,,,,,,
Monaray Baldwin,WR,,,,,,,,,,,,,
C.J. Duncan,WR,,,,,,,,,,,,,
Damion Jeanpiere,WR,,,,,,,,,,,,,
Bailey Gaither,WR,,,,,,,,,,,,,
Dakota Caton,WR,,,,,,,,,,,,,
Rico Bussey,WR,,,,,,,,,,,,,
Tyler Lockett,WR,,,,,,,,,,,,,
James Proche,WR,CLE,,,,,,,,,,,,
Damon Hazelton,WR,,,,,,,,,,,,,
Rashee Rice,WR,KC,,,,,,,,,,,,
Willie Johnson,WR,,,,,,,,,,,,,
Shane Leatherbury,WR,,,,,,,,,,,,,
Rodney Adams,WR,,,,,,,,,,,,,
Jalen Greene,WR,,,,,,,,,,,,,
Detrich Clark,WR,,,,,,,,,,,,,
Shaq Hill,WR,,,,,,,,,,,,,
Monty Madaris,WR,,,,,,,,,,,,,
Romell Guerrier,WR,,,,,,,,,,,,,
Francis Owusu,WR,,,,,,,,,,,,,
Hunter Renfrow,WR,,,,,,,,,,,,,
Marcus Lucas,WR,,,,,,,,,,,,,
Equanimeous St. Brown,WR,,,,,,,,,,,,,
Da'Mari Scott,WR,,,,,,,,,,,,,
Cade McDonald,WR,,,,,,,,,,,,,
Keeon Johnson,WR,,,,,,,,,,,,,
Julian Edelman,WR,,,,,,,,,,,,,
Chad Hansen,WR,,,,,,,,,,,,,
Roderick Daniels,WR,,,,,,,,,,,,,
Kyle Dixon,WR,NE,,,,,,,,,,,,
Bobo Wilson,WR,,,,,,,,,,,,,
Deonte Harty,WR,,,,,,,,,,,,,
DeVonta Smith,WR,PHI,,,,,,,,,,,,
Demetrius Wilson,WR,,,,,,,,,,,,,
DaVaris Daniels,WR,,,,,,,,,,,,,
Kyric McGowan,WR,,,,,,,,,,,,,
Chase Cota,WR,,,,,,,,,,,,,
Amari Rodgers,WR,,,,,,,,,,,,,
David Bell,WR,,,,,,,,,,,,,
Antoine Wesley,WR,,,,,,,,,,,,,
Nick Nash,WR,,,,,,,,,,,,,
Myron Mitchell,WR,,,,,,,,,,,,,
Tyler Vaughns,WR,,,,,,,,,,,,,
Jalen Walthall,WR,,,,,,,,,,,,,
Keyarris Garrett,WR,,,,,,,,,,,,,
Tyre Brady,WR,,,,,,,,,,,,,
Kevin Snead,WR,,,,,,,,,,,,,
Moose Muhammad,WR,,,,,,,,,,,,,
John Brown,WR,,,,,,,,,,,,,
Allen Robinson,WR,,,,,,,,,,,,,
Zach Mathis,WR,,,,,,,,,,,,,
Dante Wright,WR,,,,,,,,,,,,,
Corey Sutton,WR,,,,,,,,,,,,,
Mario Williams,WR,,,,,,,,,,,,,
Kwamie Lassiter,WR,,,,,,,,,,,,,
Austin Duke,WR,,,,,,,,,,,,,
Hal Presley,WR,,,,,,,,,,,,,
Octavian Smith,WR,,,,,,,,,,,,,
Quincy Enunwa,WR,,,,,,,,,,,,,
Trenton Irwin,WR,,,,,,,,,,,,,
Corey Crooms,WR,,,,,,,,,,,,,
Will Pauling,WR,SF,,,,,,,,,,,,
Kasey Closs,WR,,,,,,,,,,,,,
Xavier Worthy,WR,KC,,,,,,,,,,,,
Changa Hodge,WR,,,,,,,,,,,,,
Landen Akers,WR,,,,,,,,,,,,,
Taylor Morin,WR,,,,,,,,,,,,,
Josh Magee,WR,,,,,,,,,,,,,
Jacob Copeland,WR,,,,,,,,,,,,,
Jimmy Kibble,WR,,,,,,,,,,,,,
Ajou Ajou,WR,,,,,,,,,,,,,
Joseph Scates,WR,,,,,,,,,,,,,
Kyle Sheets,WR,,,,,,,,,,,,,
Chris Brown,WR,,,,,,,,,,,,,
Michael Crabtree,WR,,,,,,,,,,,,,
Jake Herslow,WR,,,,,,,,,,,,,
Quintez Cephus,WR,,,,,,,,,,,,,
Jordan Bly,WR,,,,,,,,,,,,,
Keshunn Abram,WR,,,,,,,,,,,,,
Julian Hicks,WR,,,,,,,,,,,,,
Quenton Bundrage,WR,,,,,,,,,,,,,
Stephen Guidry,WR,,,,,,,,,,,,,
Braxton Burmeister,WR,,,,,,,,,,,,,
Jack Bech,WR,LV,,,,,,,,,,,,
Juwann Winfree,WR,,,,,,,,,,,,,
Cortez Braham,WR,,,,,,,,,,,,,
Emmanuel Henderson,WR,SEA,,,,,,,,,,,,
Hank Beatty,WR,,,,,,,,,,,,,
John Harris,WR,,,,,,,,,,,,,
Jalen Sample,WR,,,,,,,,,,,,,
John Diarse,WR,,,,,,,,,,,,,
Chase Roberts,WR,,,,,,,,,,,,,
Terrill Davis,WR,,,,,,,,,,,,,
Jacob De Jesus,WR,,,,,,,,,,,,,
Antonio Brown,WR,,,,,,,,,,,,,
DJ Turner,WR,,,,,,,,,,,,,
Keelan Cole,WR,,,,,,,,,,,,,
Johnathon Johnson,WR,,,,,,,,,,,,,
Duece Watts,WR,,,,,,,,,,,,,
DeSean Jackson,WR,,,,,,,,,,,,,
Scotty Washington,WR,,,,,,,,,,,,,
Trevon Grimes,WR,,,,,,,,,,,,,
Tre Walker,WR,,,,,,,,,,,,,
JoJo Ward,WR,,,,,,,,,,,,,
Dez Bryant,WR,,,,,,,,,,,,,
Cornell Powell,WR,,,,,,,,,,,,,
Cedric Tillman,WR,NO,,,,,,,,,,,,
Cole Beasley,WR,,,,,,,,,,,,,
Jarvis Landry,WR,,,,,,,,,,,,,
Dee Eskridge,WR,,,,,,,,,,,,,
Chris Autman-Bell,WR,,,,,,,,,,,,,
Trevor Davis,WR,,,,,,,,,,,,,
Matt Fleming,WR,,,,,,,,,,,,,
Dres Anderson,WR,,,,,,,,,,,,,
Zimari Manning,WR,,,,,,,,,,,,,
Jehu Chesson,WR,,,,,,,,,,,,,
Isaiah McKoy,WR,,,,,,,,,,,,,
Travis Jonsen,WR,,,,,,,,,,,,,
Robert Wheelwright,WR,,,,,,,,,,,,,
Dalton Schoen,WR,,,,,,,,,,,,,
Emeka Emezie,WR,,,,,,,,,,,,,
Jack Sorenson,WR,,,,,,,,,,,,,
Shawn Poindexter,WR,,,,,,,,,,,,,
Darreus Rogers,WR,,,,,,,,,,,,,
Deon Cain,WR,,,,,,,,,,,,,
Rory Starkey,WR,,,,,,,,,,,,,
Jha'Quan Jackson,WR,,,,,,,,,,,,,
Justice Liggins,WR,,,,,,,,,,,,,
Arian Smith,WR,NYJ,,,,,,,,,,,,
Dan Chisena,WR,,,,,,,,,,,,,
Dimitri Stanley,WR,,,,,,,,,,,,,
Oliver Martin,WR,,,,,,,,,,,,,
Joaquin Davis,WR,,,,,,,,,,,,,
Mante Morrow,WR,,,,,,,,,,,,,
Valdez Showers,WR,,,,,,,,,,,,,
Amir Carlisle,WR,,,,,,,,,,,,,
Jalen Camp,WR,,,,,,,,,,,,,
Jonathan Brady,WR,,,,,,,,,,,,,
Jeff Weimer,WR,,,,,,,,,,,,,
Rashad Rochelle,WR,,,,,,,,,,,,,
Jaray Jenkins,WR,,,,,,,,,,,,,
Dont'e Thornton,WR,LV,,,,,,,,,,,,
Gavin Lutman,WR,,,,,,,,,,,,,
Dominic Lovett,WR,DET,,,,,,,,,,,,
Kaylon Horton,WR,,,,,,,,,,,,,
Dillon Stoner,WR,,,,,,,,,,,,,
Paul Richardson,WR,,,,,,,,,,,,,
Damion Ratley,WR,,,,,,,,,,,,,
Jeremiah Webb,WR,NE,,,,,,,,,,,,
T.Y. Hilton,WR,,,,,,,,,,,,,
Nick Holley,WR,,,,,,,,,,,,,
Terrace Marshall,WR,,,,,,,,,,,,,
Shedrick Jackson,WR,,,,,,,,,,,,,
Robert Woods,WR,,,,,,,,,,,,,
Stanley Berryhill,WR,,,,,,,,,,,,,
DeAndre Reaves,WR,,,,,,,,,,,,,
Kisean Johnson,WR,,,,,,,,,,,,,
Jalen Wayne,WR,,,,,,,,,,,,,
Malcolm Lewis,WR,,,,,,,,,,,,,
Odell Beckham,WR,MIN,,,,,,,,,,,,
John Jiles,WR,,,,,,,,,,,,,
Fred Brown,WR,,,,,,,,,,,,,
Mac Hippenhammer,WR,,,,,,,,,,,,,
Levern Jacobs,WR,,,,,,,,,,,,,
Nate McCollum,WR,,,,,,,,,,,,,
De'Mornay Pierson-El,WR,,,,,,,,,,,,,
Richard Mullaney,WR,,,,,,,,,,,,,
Dylan Drummond,WR,ATL,,,,,,,,,,,,
Darius Lassiter,WR,,,,,,,,,,,,,
Daylen Baldwin,WR,,,,,,,,,,,,,
Trishton Jackson,WR,,,,,,,,,,,,,
Papi White,WR,,,,,,,,,,,,,
Cyrus Allen,WR,KC,,,,,,,,,,,,
Travis Fulgham,WR,,,,,,,,,,,,,
Coleman Owen,WR,GB,,,,,,,,,,,,
Noah Short,WR,,,,,,,,,,,,,
Michael Young,WR,,,,,,,,,,,,,
Taj Williams,WR,,,,,,,,,,,,,
Noel Thomas,WR,,,,,,,,,,,,,
Malcolm Perry,WR,,,,,,,,,,,,,
Jordyn Tyson,WR,NO,,,,,,,,,,,,
Thomas Hennigan,WR,,,,,,,,,,,,,
Cameron Dorner,WR,NE,,,,,,,,,,,,
Zay Jones,WR,,,,,,,,,,,,,
Malick Meiga,WR,SEA,,,,,,,,,,,,
Mekale McKay,WR,,,,,,,,,,,,,
T.J. Luther,WR,,,,,,,,,,,,,
Cyril Grayson,WR,,,,,,,,,,,,,
Jaelen Gill,WR,,,,,,,,,,,,,
Jalen Virgil,WR,,,,,,,,,,,,,
Austin Proehl,WR,,,,,,,,,,,,,
Ketron Jackson,WR,,,,,,,,,,,,,
Camden Brown,WR,DAL,,,,,,,,,,,,
Elijah Marks,WR,,,,,,,,,,,,,
Beau Corrales,WR,,,,,,,,,,,,,
Pat Bryant,WR,DEN,,,,,,,,,,,,
Josh Hammond,WR,,,,,,,,,,,,,
Sam Wiglusz,WR,,,,,,,,,,,,,
Robert Foster,WR,,,,,,,,,,,,,
Tetairoa McMillan,WR,CAR,,,,,,,,,,,,
Sam Brown,WR,,,,,,,,,,,,,
Byron Pringle,WR,,,,,,,,,,,,,
T.J. Rahming,WR,,,,,,,,,,,,,
Makai Polk,WR,,,,,,,,,,,,,
Omar Cooper,WR,NYJ,,,,,,,,,,,,
Malik Heath,WR,ATL,,,,,,,,,,,,
Nick DeGennaro,WR,WAS,,,,,,,,,,,,
Mike Thomas,WR,,,,,,,,,,,,,
Warren Jackson,WR,,,,,,,,,,,,,
Justin Lockhart,WR,,,,,,,,,,,,,
Tru Edwards,WR,,,,,,,,,,,,,
Gabe Davis,WR,,,,,,,,,,,,,
Allen Hurns,WR,MIA,,,,,,,,,,,,
Jaden Bradley,WR,WAS,,,,,,,,,,,,
Jaaron Hayek,WR,,,,,,,,,,,,,
Cortrelle Simpson,WR,,,,,,,,,,,,,
Justice Shelton-Mosley,WR,,,,,,,,,,,,,
Connor Wedington,WR,,,,,,,,,,,,,
Tyrie Cleveland,WR,,,,,,,,,,,,,
Tejhaun Palmer,WR,,,,,,,,,,,,,
DeAndre Thompkins,WR,GB,,,,,,,,,,,,
Racey McMath,WR,,,,,,,,,,,,,
Brian Cobbs,WR,,,,,,,,,,,,,
Trey Quinn,WR,,,,,,,,,,,,,
Jordan Smallwood,WR,,,,,,,,,,,,,
Sammy Watkins,WR,,,,,,,,,,,,,
Vinny Anthony,WR,ATL,,,,,,,,,,,,
Donovan Peoples-Jones,WR,,,,,,,,,,,,,
Daniel Rodriguez,WR,,,,,,,,,,,,,
Da'Ron Brown,WR,,,,,,,,,,,,,
Jeff Thomas,WR,,,,,,,,,,,,,
Zion Bowens,WR,,,,,,,,,,,,,
Austin Mack,WR,,,,,,,,,,,,,
Jaylen Johnson,WR,,,,,,,,,,,,,
C.J. Board,WR,,,,,,,,,,,,,
Michael Briscoe,WR,MIN,,,,,,,,,,,,
Trent Taylor,WR,,,,,,,,,,,,,
Cam Worthy,WR,,,,,,,,,,,,,
Lamar Atkins,WR,,,,,,,,,,,,,
E.J. Horton,WR,,,,,,,,,,,,,
Gage Larvadain,WR,BAL,,,,,,,,,,,,
Chester Rogers,WR,,,,,,,,,,,,,
Cody Chrest,WR,,,,,,,,,,,,,
Andrew Parchment,WR,,,,,,,,,,,,,
Omari Kelly,WR,,,,,,,,,,,,,
Korey Robertson,WR,,,,,,,,,,,,,
Cody Core,WR,,,,,,,,,,,,,
Tavonn Salter,WR,,,,,,,,,,,,,
Scotty Miller,WR,CHI,,,,,,,,,,,,
Devin Phelps,WR,,,,,,,,,,,,,
Sergio Bailey,WR,,,,,,,,,,,,,
Isiah Ferguson,WR,,,,,,,,,,,,,
Kevin Shaa,WR,,,,,,,,,,,,,
Dane Key,WR,DEN,,,,,,,,,,,,
David Moore,WR,CAR,,,,,,,,,,,,
Ja'seem Reed,WR,CAR,,,,,,,,,,,,
Chris Coleman,WR,,,,,,,,,,,,,
Gehrig Dieter,WR,,,,,,,,,,,,,
Shi Smith,WR,,,,,,,,,,,,,
Dax Milne,WR,,,,,,,,,,,,,
Donte Sylencieux,WR,,,,,,,,,,,,,
Shemar Bridges,WR,,,,,,,,,,,,,
Eli Stove,WR,,,,,,,,,,,,,
Reggie Virgil,WR,ARI,,,,,,,,,,,,
Chris Hogan,WR,,,,,,,,,,,,,
Kendric Pryor,WR,,,,,,,,,,,,,
River Cracraft,WR,,,,,,,,,,,,,
Kenzel Doe,WR,,,,,,,,,,,,,
Rico Gafford,WR,,,,,,,,,,,,,
Jacoby Jones,WR,,,,,,,,,,,,,
Cole Burgess,WR,,,,,,,,,,,,,
Brandon Zylstra,WR,,,,,,,,,,,,,
Andre Roberts,WR,,,,,,,,,,,,,
Ainias Smith,WR,,,,,,,,,,,,,
Taye Barber,WR,,,,,,,,,,,,,
Xavier Gipson,WR,PHI,,,,,,,,,,,,
Ishmael Hyman,WR,,,,,,,,,,,,,
B.J. Johnson,WR,,,,,,,,,,,,,
Dorian Baker,WR,,,,,,,,,,,,,
Christian Kirk,WR,SF,,,,,,,,,,,,
Xavier Rush,WR,,,,,,,,,,,,,
AJ Henning,WR,MIA,,,,,,,,,,,,
Jalen Coker,WR,CAR,,,,,,,,,,,,
Eric Rivers,WR,TB,,,,,,,,,,,,
Jordan Williams-Lambert,WR,,,,,,,,,,,,,
Devontres Dukes,WR,,,,,,,,,,,,,
Reggie Brown,WR,,,,,,,,,,,,,
David Sills,WR,TB,,,,,,,,,,,,
Andy Isabella,WR,,,,,,,,,,,,,
Jamal Custis,WR,,,,,,,,,,,,,
Cody Latimer,WR,,,,,,,,,,,,,
Kaylon Geiger,WR,,,,,,,,,,,,,
Tyron Billy-Johnson,WR,,,,,,,,,,,,,
Mitch Van Vooren,WR,,,,,,,,,,,,,
DeVante Parker,WR,,,,,,,,,,,,,
Shakeir Ryan,WR,,,,,,,,,,,,,
Leon Johnson,WR,,,,,,,,,,,,,
Kelvin McKnight,WR,,,,,,,,,,,,,
Seth Roberts,WR,,,,,,,,,,,,,
Andre Levrone,WR,,,,,,,,,,,,,
Jamal Robinson,WR,,,,,,,,,,,,,
Kendrick Rogers,WR,,,,,,,,,,,,,
Amba Etta-Tawo,WR,,,,,,,,,,,,,
Austin Wolf,WR,,,,,,,,,,,,,
Jeff Badet,WR,,,,,,,,,,,,,
Damoun Patterson,WR,,,,,,,,,,,,,
Tajae Sharpe,WR,,,,,,,,,,,,,
Emmanuel Sanders,WR,,,,,,,,,,,,,
Isaiah McKenzie,WR,,,,,,,,,,,,,
Tarik Black,WR,,,,,,,,,,,,,
Javon Wims,WR,,,,,,,,,,,,,
Moochie Dixon,WR,,,,,,,,,,,,,
Danny Davis,WR,,,,,,,,,,,,,
Javon Baker,WR,,,,,,,,,,,,,
Damarr Aultman,WR,,,,,,,,,,,,,
Theo Wease,WR,LAC,,,,,,,,,,,,
Larry Fitzgerald,WR,,,,,,,,,,,,,
Garrett Scantling,WR,ATL,,,,,,,,,,,,
Bryant Mitchell,WR,,,,,,,,,,,,,
Whop Philyor,WR,,,,,,,,,,,,,
DJ Chark,WR,,,,,,,,,,,,,
Jhajuan Seales,WR,,,,,,,,,,,,,
Isaiah Weston,WR,,,,,,,,,,,,,
Victor Bolden,WR,,,,,,,,,,,,,
Larry Clark,WR,,,,,,,,,,,,,
Raleigh Webb,WR,,,,,,,,,,,,,
Cameron Posey,WR,,,,,,,,,,,,,
Jalen McCleskey,WR,,,,,,,,,,,,,
Sahmir Hagans,WR,,,,,,,,,,,,,
Marcell Ateman,WR,,,,,,,,,,,,,
Xavier Legette,WR,CAR,,,,,,,,,,,,
Dede Westbrook,WR,,,,,,,,,,,,,
Antonio Nunn,WR,,,,,,,,,,,,,
Justin Shorter,WR,,,,,,,,,,,,,
Rashad Medaris,WR,,,,,,,,,,,,,
Danny Amendola,WR,,,,,,,,,,,,,
Trent Sherfield,WR,BUF,,,,,,,,,,,,
Levi Wentz,WR,,,,,,,,,,,,,
Xavier Restrepo,WR,TEN,,,,,,,,,,,,
Shaleak Knotts,WR,,,,,,,,,,,,,
Thayer Thomas,WR,,,,,,,,,,,,,
Shawn Bane,WR,,,,,,,,,,,,,
Jayden Higgins,WR,HOU,,,,,,,,,,,,
Jaivon Heiligh,WR,,,,,,,,,,,,,
Tylan Wallace,WR,CLE,,,,,,,,,,,,
Michael Wortham,WR,JAX,,,,,,,,,,,,
Antwan Goodley,WR,,,,,,,,,,,,,
Cornelius Johnson,WR,,,,,,,,,,,,,
Jalen Williams,WR,,,,,,,,,,,,,
Lincoln Victor,WR,,,,,,,,,,,,,
Ryan Grant,WR,,,,,,,,,,,,,
Chase Cota,WR,,,,,,,,,,,,,
Jordan Byrd,WR,,,,,,,,,,,,,
Tyrell Shavers,WR,BUF,,,,,,,,,,,,
Daniel Arias,WR,,,,,,,,,,,,,
Manasseh Bailey,WR,,,,,,,,,,,,,
Riley Lees,WR,,,,,,,,,,,,,
Xavier Ubosi,WR,,,,,,,,,,,,,
Devon Allen,WR,,,,,,,,,,,,,
Michael Woods,WR,,,,,,,,,,,,,
Marvin Jones,WR,,,,,,,,,,,,,
Chris Conley,WR,,,,,,,,,,,,,
Taylor Gabriel,WR,,,,,,,,,,,,,
Ventell Bryant,WR,,,,,,,,,,,,,
Josh Malone,WR,,,,,,,,,,,,,
Javess Blue,WR,,,,,,,,,,,,,
Josh Crockett,WR,,,,,,,,,,,,,
Trent Steelman,WR,,,,,,,,,,,,,
Xavier Wade,WR,,,,,,,,,,,,,
Sean Brown,WR,,,,,,,,,,,,,
D.J. Montgomery,WR,IND,,,,,,,,,,,,
John Franklin,WR,,,,,,,,,,,,,
Hayden Hatten,WR,,,,,,,,,,,,,
Corey Coleman,WR,,,,,,,,,,,,,
Chad Beebe,WR,,,,,,,,,,,,,
Winston Wright,WR,,,,,,,,,,,,,
Micah Simon,WR,CAR,,,,,,,,,,,,
Deante' Gray,WR,,,,,,,,,,,,,
Kayaune Ross,WR,,,,,,,,,,,,,
Will Hastings,WR,,,,,,,,,,,,,
Malik Knowles,WR,,,,,,,,,,,,,
Jamal Agnew,WR,,,,,,,,,,,,,
Speedy Noil,WR,,,,,,,,,,,,,
Malik Henry,WR,,,,,,,,,,,,,
Tahj Washington,WR,,,,,,,,,,,,,
Reggie Diggs,WR,,,,,,,,,,,,,
Mario Hull,WR,,,,,,,,,,,,,
Devante Davis,WR,,,,,,,,,,,,,
Chris Lacy,WR,,,,,,,,,,,,,
Erik Ezukanma,WR,PHI,,,,,,,,,,,,
Geronimo Allison,WR,,,,,,,,,,,,,
Brenden Rice,WR,,,,,,,,,,,,,
Antoine Green,WR,,,,,,,,,,,,,
Maurice Ffrench,WR,,,,,,,,,,,,,
Austin Watkins,WR,,,,,,,,,,,,,
Tommy Thomas,WR,,,,,,,,,,,,,
Tyler Harrell,WR,,,,,,,,,,,,,
Khalil McClain,WR,,,,,,,,,,,,,
Al Riles,WR,IND,,,,,,,,,,,,
Quentin Skinner,WR,,,,,,,,,,,,,
Jerome Lane,WR,,,,,,,,,,,,,
Julio Jones,WR,,,,,,,,,,,,,
Reggie White,WR,,,,,,,,,,,,,
Jhamon Ausbon,WR,,,,,,,,,,,,,
Pokey Wilson,WR,,,,,,,,,,,,,
Brandon Aiyuk,WR,SF,,,,,,,,,,,,
Keelan Doss,WR,,,,,,,,,,,,,
Squirrel White,WR,,,,,,,,,,,,,
Kody Case,WR,,,,,,,,,,,,,
Chris Finke,WR,,,,,,,,,,,,,
Ify Umodu,WR,,,,,,,,,,,,,
Jadon Janke,WR,,,,,,,,,,,,,
Brock Rechsteiner,WR,,,,,,,,,,,,,
Jonathan Adams,WR,,,,,,,,,,,,,
Josh Johnson,WR,,,,,,,,,,,,,
Breshad Perriman,WR,,,,,,,,,,,,,
Geordon Porter,WR,,,,,,,,,,,,,
Ryan Miller,WR,MIA,,,,,,,,,,,,
Xavier Smith,WR,SF,,,,,,,,,,,,
Van Jefferson,WR,WAS,,,,,,,,,,,,
Jeff Smith,WR,,,,,,,,,,,,,
Ja'Kobi Lane,WR,BAL,,,,,,,,,,,,
Jimmie Hunt,WR,,,,,,,,,,,,,
Dennis Houston,WR,,,,,,,,,,,,,
Ra'Shaun Henry,WR,,,,,,,,,,,,,
Malik Taylor,WR,,,,,,,,,,,,,
Dallas Daniels,WR,,,,,,,,,,,,,
Henry Ruggs,WR,,,,,,,,,,,,,
Samori Toure,WR,,,,,,,,,,,,,
Garett Maag,WR,,,,,,,,,,,,,
Marcus Rosemy-Jacksaint,WR,,,,,,,,,,,,,
Keevan Lucas,WR,,,,,,,,,,,,,
Jalin Hyatt,WR,NYG,,,,,,,,,,,,
Chris Rowland,WR,,,,,,,,,,,,,
Trey Palmer,WR,NO,,,,,,,,,,,,
Courtney Jackson,WR,,,,,,,,,,,,,
Derek Wright,WR,,,,,,,,,,,,,
Quartney Davis,WR,,,,,,,,,,,,,
LaQuvionte Gonzalez,WR,,,,,,,,,,,,,
Jaydon Mickens,WR,,,,,,,,,,,,,
Kyrese Rowan,WR,NO,,,,,,,,,,,,
Josh Pearson,WR,,,,,,,,,,,,,
DT Sheffield,WR,,,,,,,,,,,,,
Jimmy Williams,WR,,,,,,,,,,,,,
Kolby Listenbee,WR,,,,,,,,,,,,,
Ray-Ray McCloud,WR,,,,,,,,,,,,,
Derrick Dillon,WR,,,,,,,,,,,,,
Lawrence Keys,WR,DET,,,,,,,,,,,,
Sterling Shepard,WR,NYJ,,,,,,,,,,,,
Jared Smart,WR,,,,,,,,,,,,,
Devin Fuller,WR,,,,,,,,,,,,,
Kameron Brown,WR,,,,,,,,,,,,,
Ihmir Smith-Marsette,WR,CAR,,,,,,,,,,,,
Milton Wright,WR,,,,,,,,,,,,,
Jay Lee,WR,,,,,,,,,,,,,
Bub Means,WR,CLE,,,,,,,,,,,,
Eldridge Massington,WR,NO,,,,,,,,,,,,
Lance McCutcheon,WR,,,,,,,,,,,,,
Jeff Cotton,WR,,,,,,,,,,,,,
Tony Jones,WR,,,,,,,,,,,,,
Slade Bolden,WR,,,,,,,,,,,,,
Krishawn Hogan,WR,,,,,,,,,,,,,
Andre Lindsey,WR,,,,,,,,,,,,,
Joe Walker,WR,,,,,,,,,,,,,
Derrick Johnson,WR,,,,,,,,,,,,,
Easop Winston,WR,,,,,,,,,,,,,
Trayvon Rudolph,WR,,,,,,,,,,,,,
Luke Grimm,WR,,,,,,,,,,,,,
Talolo Limi-Jones,WR,,,,,,,,,,,,,
A.T. Perry,WR,,,,,,,,,,,,,
Xavier Johnson,WR,,,,,,,,,,,,,
Jermaine Kearse,WR,,,,,,,,,,,,,
Junior Bergen,WR,,,,,,,,,,,,,
Ty Fryfogle,WR,,,,,,,,,,,,,
Tyler Scott,WR,LV,,,,,,,,,,,,
Auden Tate,WR,,,,,,,,,,,,,
Jake Kumerow,WR,,,,,,,,,,,,,
Jalen Reagor,WR,MIA,,,,,,,,,,,,
Justin Hall,WR,,,,,,,,,,,,,
Spencer Schnell,WR,,,,,,,,,,,,,
C.J. Worton,WR,,,,,,,,,,,,,
Kirk Merritt,WR,,,,,,,,,,,,,
Max Tomczak,WR,,,,,,,,,,,,,
Josh Reese,WR,,,,,,,,,,,,,
John Hurst,WR,,,,,,,,,,,,,
Brandon Johnson,WR,PIT,,,,,,,,,,,,
Ryan Davis,WR,,,,,,,,,,,,,
Marquez North,WR,,,,,,,,,,,,,
Tre Nixon,WR,,,,,,,,,,,,,
Kenny Cook,WR,,,,,,,,,,,,,
Armanti Foreman,WR,,,,,,,,,,,,,
Joshua Cephus,WR,,,,,,,,,,,,,
Pig Howard,WR,,,,,,,,,,,,,
Nikko Remigio,WR,KC,,,,,,,,,,,,
Ayir Asante,WR,,,,,,,,,,,,,
Reggie Begelton,WR,,,,,,,,,,,,,
Cedrick Wilson,WR,,,,,,,,,,,,,
Treyvhon Saunders,WR,,,,,,,,,,,,,
Anthony Turner,WR,,,,,,,,,,,,,
Mike Harley,WR,,,,,,,,,,,,,
Donatella Luckett,WR,,,,,,,,,,,,,
Jeff Foreman,WR,,,,,,,,,,,,,
Kade Warner,WR,,,,,,,,,,,,,
Keric Wheatfall,WR,,,,,,,,,,,,,
Justyn Ross,WR,,,,,,,,,,,,,
Grant DuBose,WR,,,,,,,,,,,,,
Siaosi Mariner,WR,,,,,,,,,,,,,
Jaylen Smith,WR,,,,,,,,,,,,,
Montana Lemonious-Craig,WR,,,,,,,,,,,,,
JP Richardson,WR,CHI,,,,,,,,,,,,
Michael Thomas,WR,,,,,,,,,,,,,
Junior Vandeross,WR,,,,,,,,,,,,,
Isaiah Coulter,WR,,,,,,,,,,,,,
Giles Jackson,WR,,,,,,,,,,,,,
Shaquan Davis,WR,,,,,,,,,,,,,
Branden Mack,WR,,,,,,,,,,,,,
Jamel Johnson,WR,,,,,,,,,,,,,
Matthew Slater,WR,,,,,,,,,,,,,
Devin Lucien,WR,,,,,,,,,,,,,
Johnny Johnson,WR,,,,,,,,,,,,,
Justin Sumpter,WR,,,,,,,,,,,,,
Drake Stoops,WR,,,,,,,,,,,,,
Terrell Sinkfield,WR,,,,,,,,,,,,,
Emanuel Hall,WR,,,,,,,,,,,,,
Deshon Foxx,WR,,,,,,,,,,,,,
Da'Quan Felton,WR,,,,,,,,,,,,,
Rasheed Bailey,WR,,,,,,,,,,,,,
Justin Hardy,WR,,,,,,,,,,,,,
Kevin White,WR,,,,,,,,,,,,,
KJ Hamler,WR,,,,,,,,,,,,,
Tank Dell,WR,HOU,,,,,,,,,,,,
Tre'Shaun Harrison,WR,,,,,,,,,,,,,
Tulu Griffin,WR,,,,,,,,,,,,,
Braylon Sanders,WR,,,,,,,,,,,,,
Anthony Mahoungou,WR,,,,,,,,,,,,,
Dillon Mitchell,WR,,,,,,,,,,,,,
K.J. Maye,WR,,,,,,,,,,,,,
Brian Riley,WR,,,,,,,,,,,,,
Brennan Presley,WR,LAR,,,,,,,,,,,,
Antonio Callaway,WR,,,,,,,,,,,,,
Brelan Chancellor,WR,,,,,,,,,,,,,
Dwayne Harris,WR,,,,,,,,,,,,,
JaVonta Payton,WR,,,,,,,,,,,,,
Matthew Henry,WR,,,,,,,,,,,,,
DeAndre Hopkins,WR,,,,,,,,,,,,,
Tommylee Lewis,WR,,,,,,,,,,,,,
TJ Sheffield,WR,,,,,,,,,,,,,
KeAndre Lambert-Smith,WR,LAC,,,,,,,,,,,,
Lance Lenoir,WR,,,,,,,,,,,,,
Kyle Lewis,WR,,,,,,,,,,,,,
Tyrone Broden,WR,,,,,,,,,,,,,
J. Michael Sturdivant,WR,GB,,,,,,,,,,,,
Preston Williams,WR,,,,,,,,,,,,,
Marcus Leak,WR,,,,,,,,,,,,,
Malik Rutherford,WR,,,,,,,,,,,,,
Jeshaun Jones,WR,MIN,,,,,,,,,,,,
Zakhari Franklin,WR,,,,,,,,,,,,,
Damond Powell,WR,,,,,,,,,,,,,
Bryce Ford-Wheaton,WR,,,,,,,,,,,,,
Ryan McDaniel,WR,,,,,,,,,,,,,
Brandon Smith,WR,PIT,,,,,,,,,,,,
Marquez Callaway,WR,,,,,,,,,,,,,
Jadon Haselwood,WR,,,,,,,,,,,,,
Neil Pau'u,WR,,,,,,,,,,,,,
Julian Williams,WR,,,,,,,,,,,,,
Trevor Harman,WR,,,,,,,,,,,,,
Qadir Ismail,WR,CHI,,,,,,,,,,,,
Bud Sasser,WR,,,,,,,,,,,,,
Parris Campbell,WR,,,,,,,,,,,,,
David Wallis,WR,,,,,,,,,,,,,
Jesse Matthews,WR,,,,,,,,,,,,,
Romello Brinson,WR,,,,,,,,,,,,,
Zach Pascal,WR,,,,,,,,,,,,,
Jeret Smith,WR,,,,,,,,,,,,,
Martavis Bryant,WR,,,,,,,,,,,,,
Anthony Ratliff-Williams,WR,,,,,,,,,,,,,
Jermiah Braswell,WR,,,,,,,,,,,,,
Rakim Jarrett,WR,,,,,,,,,,,,,
Malik Cunningham,WR,,,,,,,,,,,,,
Josh Bellamy,WR,,,,,,,,,,,,,
Sean Riley,WR,,,,,,,,,,,,,
Danny Gray,WR,,,,,,,,,,,,,
Travin Dural,WR,,,,,,,,,,,,,
Donte Moncrief,WR,,,,,,,,,,,,,
Bisi Johnson,WR,,,,,,,,,,,,,
Teo Redding,WR,,,,,,,,,,,,,
Tanner Knue,WR,,,,,,,,,,,,,
Corey Davis,WR,,,,,,,,,,,,,
Demetris Robertson,WR,,,,,,,,,,,,,
Will Sheppard,WR,MIA,,,,,,,,,,,,
Kobe Prentice,WR,,,,,,,,,,,,,
Brandon Polk,WR,,,,,,,,,,,,,
Luke Wysong,WR,,,,,,,,,,,,,
Jalen Cropper,WR,NO,,,,,,,,,,,,
Javon McKinley,WR,,,,,,,,,,,,,
Justin Watson,WR,,,,,,,,,,,,,
Ja'Lynn Polk,WR,,,,,,,,,,,,,
Isaiah Washington,WR,,,,,,,,,,,,,
Dillon Bell,WR,MIN,,,,,,,,,,,,
Bryson Green,WR,,,,,,,,,,,,,
Dontez Ford,WR,,,,,,,,,,,,,
Fred Ross,WR,,,,,,,,,,,,,
Artavis Scott,WR,,,,,,,,,,,,,
Daniel Sobkowicz,WR,HOU,,,,,,,,,,,,
Ty Scott,WR,,,,,,,,,,,,,
Raylen Sharpe,WR,,,,,,,,,,,,,
Wesley Grimes,WR,SF,,,,,,,,,,,,
Beaux Collins,WR,ATL,,,,,,,,,,,,
Andre Baccellia,WR,,,,,,,,,,,,,
Tyler Johnson,WR,NYJ,,,,,,,,,,,,
Jarius Wright,WR,,,,,,,,,,,,,
Isaiah Ford,WR,,,,,,,,,,,,,
Michael Pittman,WR,PIT,,,,,,,,,,,,
Earnest Edwards,WR,,,,,,,,,,,,,
Kendal Thompson,WR,,,,,,,,,,,,,
Kolbe Katsis,WR,DEN,,,,,,,,,,,,
Damion Willis,WR,,,,,,,,,,,,,
Marvin Hall,WR,,,,,,,,,,,,,
Jermaine Burton,WR,,,,,,,,,,,,,
Lewis Bond,WR,HOU,,,,,,,,,,,,
Cody Chrest,WR,,,,,,,,,,,,,
Nsimba Webster,WR,,,,,,,,,,,,,
Sam James,WR,,,,,,,,,,,,,
Amara Darboh,WR,,,,,,,,,,,,,
Trevontae Hights,WR,,,,,,,,,,,,,
Kazmeir Allen,WR,,,,,,,,,,,,,
Matthew Eaton,WR,,,,,,,,,,,,,
Reggie Roberson,WR,,,,,,,,,,,,,
Jonathon Rumph,WR,,,,,,,,,,,,,
Laviska Shenault,WR,,,,,,,,,,,,,
Binjimen Victor,WR,,,,,,,,,,,,,
Rashod Owens,WR,,,,,,,,,,,,,
James Quick,WR,,,,,,,,,,,,,
Reece Horn,WR,,,,,,,,,,,,,
R.J. Shelton,WR,,,,,,,,,,,,,
Jakobie Keeney-James,WR,,,,,,,,,,,,,
Devron Harper,WR,,,,,,,,,,,,,
Roc Taylor,WR,,,,,,,,,,,,,
Nelson Agholor,WR,,,,,,,,,,,,,
Tavon Austin,WR,,,,,,,,,,,,,
Freddie Swain,WR,,,,,,,,,,,,,
Khalil Tate,WR,,,,,,,,,,,,,
Durron Neal,WR,,,,,,,,,,,,,
Zach D'Orazio,WR,,,,,,,,,,,,,
Shaq Roland,WR,CHI,,,,,,,,,,,,
Dontario Drummond,WR,,,,,,,,,,,,,
Tayvion Robinson,WR,,,,,,,,,,,,,
Key'Shawn Smith,WR,,,,,,,,,,,,,
Trevon Bradford,WR,,,,,,,,,,,,,
Bra'Lon Cherry,WR,,,,,,,,,,,,,
Marlon Williams,WR,,,,,,,,,,,,,
Riley Ridley,WR,,,,,,,,,,,,,
Alonzo Moore,WR,,,,,,,,,,,,,
Omar Bayless,WR,,,,,,,,,,,,,
Jamarius Way,WR,,,,,,,,,,,,,
Talik Keaton,WR,,,,,,,,,,,,,
Dymere Miller,WR,,,,,,,,,,,,,
Joe Reed,WR,,,,,,,,,,,,,
Jalon Calhoun,WR,,,,,,,,,,,,,
Joseph Manjack,WR,,,,,,,,,,,,,
Mitchell Paige,WR,,,,,,,,,,,,,
Terrell Bynum,WR,,,,,,,,,,,,,
DaeSean Hamilton,WR,,,,,,,,,,,,,
Tyquan Thornton,WR,KC,,,,,,,,,,,,
Christian Blake,WR,,,,,,,,,,,,,
Darius Jennings,WR,,,,,,,,,,,,,
Aaron Parker,WR,,,,,,,,,,,,,
C.J. Johnson,WR,,,,,,,,,,,,,
Phillip Dorsett,WR,LV,,,,,,,,,,,,
Marqise Lee,WR,,,,,,,,,,,,,
Xavier White,WR,,,,,,,,,,,,,
Malik Flowers,WR,,,,,,,,,,,,,
Kevin Kassis,WR,,,,,,,,,,,,,
Nick Williams,WR,,,,,,,,,,,,,
Tyler Rutenbeck,WR,,,,,,,,,,,,,
Jalen Royals,WR,KC,,,,,,,,,,,,
Kendrick Law,WR,DET,,,,,,,,,,,,
Jordan Westerkamp,WR,,,,,,,,,,,,,
Kalija Lipscomb,WR,,,,,,,,,,,,,
Damore'ea Stringfellow,WR,,,,,,,,,,,,,
Travis Benjamin,WR,,,,,,,,,,,,,
Noah Brown,WR,,,,,,,,,,,,,
John Hall,WR,,,,,,,,,,,,,
Quincy McDuffie,WR,,,,,,,,,,,,,
Greg Ward,WR,,,,,,,,,,,,,
Bauer Sharp,TE,TB,0.12,,,,,,,0.05,0.06,0.46,0.0,
Payne Durham,TE,TB,0.22,,,,,,,0.08,0.12,0.88,0.01,0.0
Jake Ferguson,TE,DAL,9.32,,,,,,,3.39,4.44,34.38,0.41,0.01
Brevyn Spann-Ford,TE,DAL,1.36,,,,,,,0.53,0.7,6.05,0.04,0.0
Cade Otton,TE,TB,8.65,,,,,,,3.58,4.63,38.42,0.21,0.01
Luke Schoonmaker,TE,DAL,1.41,,,,,,,0.57,0.7,6.18,0.04,0.0
Ko Kieft,TE,TB,0.05,,,,,,,0.02,0.03,0.2,0.0,0.0
E.J. Jenkins,TE,PHI,0.47,,,,,,,0.2,0.28,1.93,0.01,
Erick All,TE,CIN,1.58,,,,,,,0.68,0.83,6.5,0.04,0.0
Ben Sinnott,TE,WAS,0.96,,,,,,,0.44,0.57,3.56,0.03,0.0
Theo Johnson,TE,NYG,3.07,,,,,,,1.03,1.91,14.58,0.1,0.0
AJ Barner,TE,SEA,8.69,,,,0.63,1.97,0.06,3.22,4.48,32.54,0.27,0.02
Brock Bowers,TE,LV,15.61,,,,0.25,0.93,0.01,6.41,8.31,61.24,0.49,0.02
Oronde Gadsden,TE,LAC,5.58,,,,,,,2.1,3.28,23.97,0.18,0.01
Mason Taylor,TE,NYJ,3.85,,,,,,,1.88,2.47,13.57,0.1,0.01
Harold Fannin,TE,CLE,10.7,,,,0.11,0.41,0.01,4.0,5.43,38.44,0.46,0.01
Tyler Warren,TE,IND,10.86,,,,0.31,1.12,0.01,4.88,6.43,38.78,0.32,0.02
Sam Roush,TE,CHI,2.05,,,,,,,0.91,1.29,8.41,0.05,0.0
Will Kacmarek,TE,MIA,1.46,,,,,,,0.63,0.88,6.26,0.03,0.0
Mo Alie-Cox,TE,IND,0.89,,,,,,,0.34,0.49,3.7,0.03,0.0
Evan Engram,TE,DEN,5.18,,,,,,,1.96,3.04,21.81,0.17,0.01
Ian Thomas,TE,LV,0.53,,,,,,,0.25,0.33,2.05,0.01,0.0
Dalton Schultz,TE,HOU,8.59,,,,,,,3.72,4.51,38.74,0.17,0.01
Tyler Conklin,TE,DET,0.37,,,,,,,0.14,0.21,1.7,0.01,0.0
Quintin Morris,TE,JAX,0.45,,,,,,,0.19,0.27,1.71,0.02,0.0
Kylen Granson,TE,TEN,0.16,,,,,,,0.07,0.1,0.68,0.0,0.0
Trey McBride,TE,ARI,18.03,,,,0.12,0.56,0.01,7.48,9.5,65.44,0.65,0.03
Jelani Woods,TE,NYJ,0.2,,,,,,,0.08,0.12,0.85,0.01,
Brenton Strange,TE,JAX,9.62,,,,,,,3.77,5.08,39.97,0.31,0.02
Sam LaPorta,TE,DET,12.95,,,,0.06,0.29,0.0,4.74,6.38,55.67,0.43,0.02
Nate Adkins,TE,DEN,1.81,,,,,,,0.58,0.86,6.27,0.1,0.0
Hayden Rucci,TE,LAC,0.09,,,,,,,0.04,0.06,0.37,0.0,
Elijah Arroyo,TE,SEA,1.1,,,,,,,0.46,0.63,4.73,0.03,0.0
Gavin Bartholomew,TE,MIN,1.48,,,,,,,0.6,0.85,5.35,0.06,
Jack Endries,TE,CIN,0.13,,,,,,,0.06,0.07,0.54,0.0,0.0
Marlin Klein,TE,HOU,1.78,,,,,,,0.78,0.9,7.66,0.04,0.0
Matt Hibner,TE,BAL,2.76,,,,,,,1.05,1.4,12.27,0.08,0.0
Kenyon Sadiq,TE,NYJ,8.87,,,,0.1,0.46,0.01,3.49,4.71,35.79,0.28,0.01
Eli Raridon,TE,NE,3.26,,,,,,,1.18,1.55,12.99,0.13,0.0
George Kittle,TE,SF,12.65,,,,,,,4.56,6.12,55.31,0.42,0.02
Johnny Mundt,TE,PHI,3.74,,,,,,,1.72,2.4,15.04,0.09,
Brevin Jordan,TE,HOU,0.42,,,,,,,0.18,0.24,1.79,0.01,0.0
Pat Freiermuth,TE,PIT,8.22,,,,,,,3.09,4.11,35.35,0.27,0.01
Charlie Kolar,TE,LAC,3.0,,,,,,,1.32,1.79,12.45,0.07,0.01
Darnell Washington,TE,PIT,5.67,,,,,,,2.28,3.1,27.4,0.11,0.01
Josh Whyle,TE,GB,0.37,,,,,,,0.17,0.21,1.51,0.01,0.0
Colston Loveland,TE,CHI,9.7,,,,0.06,0.22,0.0,3.87,5.29,39.76,0.3,0.01
Oscar Delp,TE,NO,1.39,,,,,,,0.66,0.83,5.56,0.03,0.0
Mike Gesicki,TE,CIN,8.03,,,,,,,3.02,3.79,34.71,0.25,0.01
Mark Andrews,TE,BAL,9.79,,,,0.22,0.92,0.0,3.82,5.28,39.91,0.31,0.02
Drew Sample,TE,CIN,2.79,,,,,,,1.32,1.46,10.78,0.07,0.0
Juwan Johnson,TE,NO,10.26,,,,,,,3.8,5.33,45.9,0.31,0.02
John Bates,TE,WAS,1.85,,,,,,,0.82,1.07,6.73,0.06,0.0
Luke Farrell,TE,SF,1.77,,,,,,,0.85,1.06,7.06,0.04,0.0
Jeremy Ruckert,TE,NYJ,2.15,,,,,,,0.99,1.22,7.41,0.07,0.0
Elijah Higgins,TE,ARI,1.96,,,,,,,0.87,1.05,8.09,0.05,0.0
Gunnar Helm,TE,TEN,5.03,,,,,,,2.47,3.1,20.53,0.09,0.01
Justin Joly,TE,MIA,0.51,,,,,,,0.21,0.29,2.3,0.01,0.0
Seydou Traore,TE,MIA,0.1,,,,,,,0.04,0.06,0.44,0.0,0.0
Dallen Bentley,TE,DEN,0.22,,,,,,,0.09,0.13,0.94,0.01,
Austin Hooper,TE,ATL,3.3,,,,,,,1.21,1.7,12.88,0.13,0.0
Jonnu Smith,TE,GB,2.83,,,,,,,1.18,1.69,13.07,0.06,0.0
Cole Kmet,TE,CHI,3.68,,,,,,,1.5,2.05,14.6,0.12,0.01
Kyle Pitts,TE,ATL,7.72,,,,,,,2.71,4.1,33.0,0.28,0.01
Michael Mayer,TE,LV,6.86,,,,,,,3.33,4.4,27.47,0.13,0.01
Cameron Latu,TE,NE,0.44,,,,,,,0.18,0.25,1.88,0.01,0.0
Blake Whiteheart,TE,CLE,2.35,,,,,,,0.86,1.25,8.57,0.1,0.0
Cade Stover,TE,HOU,0.87,,,,0.13,0.45,0.0,0.37,0.45,3.23,0.02,0.0
Tip Reiman,TE,ARI,0.57,,,,,,,0.26,0.35,2.1,0.02,0.0
Colson Yankoff,TE,WAS,0.64,,,,,,,0.28,0.4,2.42,0.02,
Zach Ertz,TE,PHI,5.61,,,,,,,2.46,3.47,23.32,0.13,0.01
Tanner Hudson,TE,CIN,1.77,,,,,,,0.8,0.93,7.39,0.04,0.0
T.J. Hockenson,TE,MIN,9.83,,,,,,,4.13,5.52,36.35,0.34,0.02
Noah Fant,TE,NO,4.4,,,,,,,1.58,2.33,15.53,0.21,0.01
Adam Trautman,TE,DEN,1.79,,,,,,,0.71,1.04,7.73,0.05,0.0
Isaiah Likely,TE,NYG,11.44,,,,,,,4.23,6.11,47.12,0.41,0.02
Chig Okonkwo,TE,WAS,7.35,,,,,,,3.08,4.41,25.78,0.28,0.01
Tucker Kraft,TE,GB,10.94,,,,,,,3.97,6.02,51.16,0.31,0.02
Treyton Welch,TE,NO,0.25,,,,,,,0.11,0.17,1.07,0.01,
Josh Cuevas,TE,BAL,0.88,,,,,,,0.37,0.48,3.94,0.02,0.0
Nate Boerkircher,TE,JAX,1.33,,,,,,,0.56,0.83,5.56,0.04,0.0
Tanner Koziol,TE,JAX,1.14,,,,,,,0.47,0.69,4.69,0.03,0.0
Carsen Ryan,TE,CLE,0.2,,,,,,,0.08,0.11,0.79,0.01,
Chris Manhertz,TE,NYG,0.31,,,,,,,0.11,0.18,1.32,0.01,0.0
Hunter Henry,TE,NE,9.44,,,,,,,3.67,4.91,40.49,0.29,0.01
Eric Saubert,TE,SEA,1.25,,,,,,,0.5,0.78,4.19,0.06,0.0
Robert Tonyan,TE,PIT,0.08,,,,,,,0.03,0.04,0.31,0.0,0.0
Foster Moreau,TE,HOU,3.02,,,,,,,1.21,1.5,12.64,0.09,0.0
Charlie Woerner,TE,ATL,0.43,,,,,,,0.2,0.26,1.71,0.01,0.0
Brock Wright,TE,DET,1.34,,,,,,,0.55,0.69,5.13,0.05,0.0
Greg Dulcich,TE,MIA,6.87,,,,,,,2.84,3.82,32.81,0.12,0.01
Daniel Bellinger,TE,TEN,1.98,,,,,,,0.88,1.09,8.59,0.04,0.0
Drew Ogletree,TE,IND,0.62,,,,,,,0.25,0.37,2.54,0.02,0.0
Davis Allen,TE,LAR,1.05,,,,,,,0.44,0.68,4.23,0.03,0.0
Tyler Higbee,TE,LAR,9.1,,,,,,,3.46,4.79,34.54,0.36,0.02
Jackson Hawes,TE,BUF,0.8,,,,,,,0.31,0.48,3.53,0.02,0.0
Colby Parkinson,TE,LAR,4.33,,,,,,,1.55,2.31,15.92,0.2,0.01
Dalton Kincaid,TE,BUF,10.22,,,,,,,3.71,5.15,50.78,0.24,0.02
Max Klare,TE,LAR,0.11,,,,,,,0.04,0.07,0.47,0.0,0.0
Dawson Knox,TE,BUF,3.2,,,,,,,1.18,1.7,11.46,0.14,0.01
Ellis Richardson,TE,,,,,,,,,,,,,
Carl Tucker,TE,,,,,,,,,,,,,
Matt Seybert,TE,,,,,,,,,,,,,
Nick Boyle,TE,,,,,,,,,,,,,
Tommy Sweeney,TE,,,,,,,,,,,,,
Bryce Williams,TE,,,,,,,,,,,,,
Christian Sims,TE,,,,,,,,,,,,,
Ryan Yurachek,TE,,,,,,,,,,,,,
Joshua Lingenfelter,TE,,,,,,,,,,,,,
Elijah Wellman,TE,,,,,,,,,,,,,
Brett Weaver,TE,,,,,,,,,,,,,
Charles Clay,TE,,,,,,,,,,,,,
Drew Belcher,TE,,,,,,,,,,,,,
Stephen Anderson,TE,,,,,,,,,,,,,
Jordan Matthews,TE,,,,,,,,,,,,,
Hunter Kampmoyer,TE,,,,,,,,,,,,,
Jake Tonges,TE,SF,,,,,,,,,,,,
Brandon Dillon,TE,,,,,,,,,,,,,
C.J. Conrad,TE,,,,,,,,,,,,,
Dax Raymond,TE,PIT,,,,,,,,,,,,
Matt Weiser,TE,,,,,,,,,,,,,
Easton Dean,TE,,,,,,,,,,,,,
Travis Wilson,TE,,,,,,,,,,,,,
Noah Gray,TE,KC,,,,,,,,,,,,
Parker Houston,TE,,,,,,,,,,,,,
Jacob Hollister,TE,,,,,,,,,,,,,
Kendall Blanton,TE,,,,,,,,,,,,,
Codey McElroy,TE,,,,,,,,,,,,,
Rory Anderson,TE,,,,,,,,,,,,,
Harold Spears,TE,,,,,,,,,,,,,
Stone Eby,TE,,,,,,,,,,,,,
Cole Hunt,TE,,,,,,,,,,,,,
Ben Johnson,TE,,,,,,,,,,,,,
Jesper Horsted,TE,,,,,,,,,,,,,
Alex Gray,TE,,,,,,,,,,,,,
Jerome Cunningham,TE,,,,,,,,,,,,,
Jean Sifrin,TE,,,,,,,,,,,,,
Tanner McLachlan,TE,,,,,,,,,,,,,
Romello Brooker,TE,,,,,,,,,,,,,
Dylan Soehner,TE,,,,,,,,,,,,,
Gee Scott,TE,,,,,,,,,,,,,
Derrick Deese,TE,,,,,,,,,,,,,
Kenny Fletcher,TE,,,,,,,,,,,,,
Stephen Sullivan,TE,,,,,,,,,,,,,
Brenden Bates,TE,JAX,,,,,,,,,,,,
Ernst Brun,TE,,,,,,,,,,,,,
Jalin Conyers,TE,,,,,,,,,,,,,
Giovanni Ricci,TE,,,,,,,,,,,,,
Vance McDonald,TE,,,,,,,,,,,,,
Paul Quessenberry,TE,,,,,,,,,,,,,
Jalen Wydermyer,TE,,,,,,,,,,,,,
Matt LaCosse,TE,NE,,,,,,,,,,,,
Matt Lengel,TE,,,,,,,,,,,,,
Dominick Wood-Anderson,TE,,,,,,,,,,,,,
Troy Fumagalli,TE,,,,,,,,,,,,,
Derek Carrier,TE,,,,,,,,,,,,,
Travis Koontz,TE,,,,,,,,,,,,,
Jesse James,TE,,,,,,,,,,,,,
Riley Sharp,TE,,,,,,,,,,,,,
James Looney,TE,,,,,,,,,,,,,
Jared Scott,TE,,,,,,,,,,,,,
Miles Kitselman,TE,DET,,,,,,,,,,,,
Isaac Nauta,TE,GB,,,,,,,,,,,,
Jared Cook,TE,,,,,,,,,,,,,
Ethan Wolf,TE,,,,,,,,,,,,,
Kaden Smith,TE,,,,,,,,,,,,,
Ryan Becker,TE,,,,,,,,,,,,,
Tyler Mabry,TE,,,,,,,,,,,,,
Rob Gronkowski,TE,,,,,,,,,,,,,
Dae'Quan Wright,TE,,,,,,,,,,,,,
Clayton Wilson,TE,,,,,,,,,,,,,
Zach Gentry,TE,,,,,,,,,,,,,
Moral Stephens,TE,,,,,,,,,,,,,
Jermaine Terry,TE,,,,,,,,,,,,,
Barrett Burns,TE,BAL,,,,,,,,,,,,
Erik Krommenhoek,TE,,,,,,,,,,,,,
Geor'Quarius Spivey,TE,,,,,,,,,,,,,
Jordan Petaia,TE,,,,,,,,,,,,,
Jake Powell,TE,,,,,,,,,,,,,
Zack Kuntz,TE,,,,,,,,,,,,,
John Michael Gyllenborg,TE,KC,,,,,,,,,,,,
Griffin Hebert,TE,,,,,,,,,,,,,
Heinrich Haarberg,TE,,,,,,,,,,,,,
John FitzPatrick,TE,CLE,,,,,,,,,,,,
Dallin Holker,TE,,,,,,,,,,,,,
Jerome Washington,TE,,,,,,,,,,,,,
Chris Bazile,TE,,,,,,,,,,,,,
Richard Rodgers,TE,,,,,,,,,,,,,
Jason Reese,TE,,,,,,,,,,,,,
Darion Clark,TE,,,,,,,,,,,,,
Jack Velling,TE,ATL,,,,,,,,,,,,
Chase Allen,TE,,,,,,,,,,,,,
Jake Burt,TE,,,,,,,,,,,,,
Will Mallory,TE,IND,,,,,,,,,,,,
Thomas Gordon,TE,DET,,,,,,,,,,,,
Noah Gindorff,TE,,,,,,,,,,,,,
Micky Crum,TE,,,,,,,,,,,,,
Bronson Kaufusi,TE,GB,,,,,,,,,,,,
Bucky Hodges,TE,,,,,,,,,,,,,
N'Keal Harry,TE,,,,,,,,,,,,,
Jake McGee,TE,,,,,,,,,,,,,
Brandon Barnes,TE,,,,,,,,,,,,,
Grant Calcaterra,TE,PHI,,,,,,,,,,,,
Jaren Kanak,TE,TEN,,,,,,,,,,,,
Graham Adomitis,TE,,,,,,,,,,,,,
Rhett Ellison,TE,,,,,,,,,,,,,
Farrod Green,TE,,,,,,,,,,,,,
Jason Vander Laan,TE,,,,,,,,,,,,,
Damien Caffrey,TE,,,,,,,,,,,,,
Leroy Watson,TE,,,,,,,,,,,,,
Lee Smith,TE,ATL,,,,,,,,,,,,
Stephen Baggett,TE,,,,,,,,,,,,,
Nakia Griffin-Stewart,TE,,,,,,,,,,,,,
Mike Rigerman,TE,,,,,,,,,,,,,
Grayson Gunter,TE,,,,,,,,,,,,,
Izaiah Gathings,TE,,,,,,,,,,,,,
Pharaoh Brown,TE,IND,,,,,,,,,,,,
Nick Muse,TE,ATL,,,,,,,,,,,,
Davis Koppenhaver,TE,,,,,,,,,,,,,
Carson Williams,TE,,,,,,,,,,,,,
Miller Forristall,TE,,,,,,,,,,,,,
Jordan Franks,TE,,,,,,,,,,,,,
Vernon Davis,TE,,,,,,,,,,,,,
Eli Stowers,TE,PHI,,,,,,,,,,,,
RJ Maryland,TE,,,,,,,,,,,,,
Dylan Stapleton,TE,,,,,,,,,,,,,
Bryson Nesbit,TE,,,,,,,,,,,,,
Khalil Dinkins,TE,SF,,,,,,,,,,,,
Mason Pline,TE,,,,,,,,,,,,,
Jeremiah Hall,TE,,,,,,,,,,,,,
Lawrence Cager,TE,,,,,,,,,,,,,
Trent Pennix,TE,,,,,,,,,,,,,
Jared Rice,TE,,,,,,,,,,,,,
Devin Funchess,TE,,,,,,,,,,,,,
Dylan Parham,TE,,,,,,,,,,,,,
Maxx Williams,TE,,,,,,,,,,,,,
Steven Stilianos,TE,,,,,,,,,,,,,
Lake McRee,TE,PIT,,,,,,,,,,,,
Daniel Crawford,TE,,,,,,,,,,,,,
Terrance Ferguson,TE,LAR,,,,,,,,,,,,
Josh Oliver,TE,MIN,,,,,,,,,,,,
Trevor Wood,TE,,,,,,,,,,,,,
Caleb Lohner,TE,DEN,,,,,,,,,,,,
Austin Fort,TE,,,,,,,,,,,,,
Tommy Tremble,TE,CAR,,,,,,,,,,,,
Zaire Mitchell-Paden,TE,HOU,,,,,,,,,,,,
Tyree Jackson,TE,,,,,,,,,,,,,
Kyle Rudolph,TE,,,,,,,,,,,,,
Keenen Brown,TE,,,,,,,,,,,,,
Bryce Pierre,TE,,,,,,,,,,,,,
Eli Wolf,TE,,,,,,,,,,,,,
Keith Towbridge,TE,,,,,,,,,,,,,
Garrett Hudson,TE,,,,,,,,,,,,,
Jeremiah Franklin,TE,,,,,,,,,,,,,
Blake Jarwin,TE,,,,,,,,,,,,,
Jordan Leggett,TE,,,,,,,,,,,,,
Peyton Hendershot,TE,,,,,,,,,,,,,
Nolan Givan,TE,,,,,,,,,,,,,
Michael Trigg,TE,DAL,,,,,,,,,,,,
Layne Pryor,TE,,,,,,,,,,,,,
Nikola Kalinic,TE,CHI,,,,,,,,,,,,
Luke Stocker,TE,,,,,,,,,,,,,
Hunter Long,TE,ARI,,,,,,,,,,,,
Kalif Jackson,TE,MIA,,,,,,,,,,,,
Brandon Frazier,TE,,,,,,,,,,,,,
John Stephens,TE,,,,,,,,,,,,,
Kyle Markway,TE,,,,,,,,,,,,,
Antony Auclair,TE,,,,,,,,,,,,,
J.P. Holtz,TE,,,,,,,,,,,,,
Beau Sandland,TE,,,,,,,,,,,,,
Mik'Quan Deane,TE,,,,,,,,,,,,,
Jack Doyle,TE,IND,,,,,,,,,,,,
Michael Miller,TE,,,,,,,,,,,,,
Nick O'Leary,TE,,,,,,,,,,,,,
Bruno Labelle,TE,,,,,,,,,,,,,
Dan Villari,TE,LAR,,,,,,,,,,,,
Jeff Heuerman,TE,,,,,,,,,,,,,
Tre Watson,TE,MIA,,,,,,,,,,,,
Antonio Gandy-Golden,TE,,,,,,,,,,,,,
Keleki Latu,TE,BUF,,,,,,,,,,,,
Jjay Mcafee,TE,,,,,,,,,,,,,
Brycen Hopkins,TE,,,,,,,,,,,,,
Jack Stoll,TE,SF,,,,,,,,,,,,
Tommy Hudson,TE,,,,,,,,,,,,,
Brayden Willis,TE,SF,,,,,,,,,,,,
Clive Walford,TE,,,,,,,,,,,,,
Tyrone Swoopes,TE,,,,,,,,,,,,,
Thomas Greaney,TE,,,,,,,,,,,,,
Cole Herdman,TE,,,,,,,,,,,,,
Justin Rigg,TE,,,,,,,,,,,,,
Jordan Reed,TE,,,,,,,,,,,,,
Taylor Sloat,TE,,,,,,,,,,,,,
James Mitchell,TE,DAL,,,,,,,,,,,,
Zach Horton,TE,,,,,,,,,,,,,
Parker Hesse,TE,,,,,,,,,,,,,
Rysen John,TE,,,,,,,,,,,,,
Eric Wallace,TE,,,,,,,,,,,,,
Ryan Jones,TE,,,,,,,,,,,,,
Sean McKeon,TE,,,,,,,,,,,,,
Deon Yelder,TE,,,,,,,,,,,,,
Kevin Foelsch,TE,,,,,,,,,,,,,
Jaheim Bell,TE,,,,,,,,,,,,,
Chase Curtis,TE,,,,,,,,,,,,,
Charlie Taumoepeau,TE,,,,,,,,,,,,,
Teagan Quitoriano,TE,ARI,,,,,,,,,,,,
Cameron Clear,TE,,,,,,,,,,,,,
Garrett Dickerson,TE,,,,,,,,,,,,,
Andrew Gleichert,TE,,,,,,,,,,,,,
Sean Culkin,TE,,,,,,,,,,,,,
Jacob Warren,TE,,,,,,,,,,,,,
Mitchell Evans,TE,CAR,,,,,,,,,,,,
Taylor McNamara,TE,,,,,,,,,,,,,
Phazahn Odom,TE,,,,,,,,,,,,,
Dallas Goedert,TE,PHI,,,,,,,,,,,,
Jimmy Graham,TE,,,,,,,,,,,,,
Gannon Sinclair,TE,,,,,,,,,,,,,
Brandon Williams,TE,,,,,,,,,,,,,
Reggie Brown,TE,,,,,,,,,,,,,
Justin Sinz,TE,,,,,,,,,,,,,
Ben Sims,TE,,,,,,,,,,,,,
Alec Holler,TE,,,,,,,,,,,,,
Louis Hansen,TE,,,,,,,,,,,,,
Mason Fairchild,TE,,,,,,,,,,,,,
Eli Wilson,TE,,,,,,,,,,,,,
Leonard Taylor,TE,,,,,,,,,,,,,
Treyton Pickering,TE,,,,,,,,,,,,,
Patrick Herbert,TE,LAC,,,,,,,,,,,,
Devin Asiasi,TE,,,,,,,,,,,,,
Cethan Carter,TE,,,,,,,,,,,,,
Hayden Hurst,TE,,,,,,,,,,,,,
John Copenhaver,TE,,,,,,,,,,,,,
Steven Wroblewski,TE,,,,,,,,,,,,,
McCallan Castles,TE,,,,,,,,,,,,,
Scooter Harrington,TE,,,,,,,,,,,,,
Thomas Yassmin,TE,GB,,,,,,,,,,,,
Eric Tomlinson,TE,,,,,,,,,,,,,
Cary Angeline,TE,,,,,,,,,,,,,
Justin Johnson,TE,,,,,,,,,,,,,
Darren Fells,TE,TB,,,,,,,,,,,,
Nick Kallerup,TE,SEA,,,,,,,,,,,,
Cheyenne O'Grady,TE,,,,,,,,,,,,,
Tyler Eifert,TE,,,,,,,,,,,,,
Cade Brewer,TE,,,,,,,,,,,,,
Garrett Griffin,TE,,,,,,,,,,,,,
DJ Rogers,TE,DAL,,,,,,,,,,,,
Jevoni Robinson,TE,,,,,,,,,,,,,
Josh Bist,TE,,,,,,,,,,,,,
John Raine,TE,,,,,,,,,,,,,
Julian Hill,TE,NE,,,,,,,,,,,,
Thomas Fidone,TE,NYG,,,,,,,,,,,,
Billy Brown,TE,,,,,,,,,,,,,
Lachlan Pitts,TE,,,,,,,,,,,,,
Nick Bowers,TE,,,,,,,,,,,,,
DeShawn Hanika,TE,,,,,,,,,,,,,
O.J. Howard,TE,,,,,,,,,,,,,
Caleb Wilson,TE,,,,,,,,,,,,,
Mark Redman,TE,GB,,,,,,,,,,,,
Drew Biber,TE,,,,,,,,,,,,,
Lance Kendricks,TE,,,,,,,,,,,,,
Roger Carter,TE,,,,,,,,,,,,,
Johnny Lumpkin,TE,,,,,,,,,,,,,
Andrew Price,TE,,,,,,,,,,,,,
Hunter Bryant,TE,,,,,,,,,,,,,
Oscar Cardenas,TE,,,,,,,,,,,,,
Jerell Adams,TE,,,,,,,,,,,,,
Trey Knox,TE,,,,,,,,,,,,,
Connor Davis,TE,,,,,,,,,,,,,
Jason Witten,TE,,,,,,,,,,,,,
Ross Travis,TE,,,,,,,,,,,,,
Feleipe Franks,TE,CAR,,,,,,,,,,,,
Evan Baylis,TE,,,,,,,,,,,,,
Gerrit Prince,TE,,,,,,,,,,,,,
Marcus Baugh,TE,,,,,,,,,,,,,
Kole Taylor,TE,,,,,,,,,,,,,
Tyree Mayfield,TE,,,,,,,,,,,,,
Moliki Matavao,TE,NO,,,,,,,,,,,,
Austin Allen,TE,,,,,,,,,,,,,
Jake Hausmann,TE,,,,,,,,,,,,,
Marshall Lang,TE,MIN,,,,,,,,,,,,
Nick Vannett,TE,BAL,,,,,,,,,,,,
Kahale Warring,TE,,,,,,,,,,,,,
Ryan Smith,TE,,,,,,,,,,,,,
Taysom Hill,TE,,,,,,,,,,,,,
Jordan Thomas,TE,,,,,,,,,,,,,
Trey Burton,TE,,,,,,,,,,,,,
Jamal Pettigrew,TE,,,,,,,,,,,,,
Jared Wiley,TE,KC,,,,,,,,,,,,
Blake Mack,TE,,,,,,,,,,,,,
Jeremy Sprinkle,TE,,,,,,,,,,,,,
Ricky Seals-Jones,TE,,,,,,,,,,,,,
Ty Pezza,TE,BAL,,,,,,,,,,,,
DJ Thomas-Jones,TE,,,,,,,,,,,,,
Demetrius Harris,TE,,,,,,,,,,,,,
Albert Okwuegbunam,TE,,,,,,,,,,,,,
Ben Beise,TE,,,,,,,,,,,,,
Chris Herndon,TE,,,,,,,,,,,,,
Stevo Klotz,TE,,,,,,,,,,,,,
Scott Orndoff,TE,,,,,,,,,,,,,
Chris Pierce,TE,,,,,,,,,,,,,
JJ Howland,TE,,,,,,,,,,,,,
Dylan Leonard,TE,,,,,,,,,,,,,
Jake Butt,TE,,,,,,,,,,,,,
Marcus Santos-Silva,TE,,,,,,,,,,,,,
Franko House,TE,CHI,,,,,,,,,,,,
Brian Walker,TE,,,,,,,,,,,,,
Rohan Jones,TE,,,,,,,,,,,,,
Thaddeus Moss,TE,,,,,,,,,,,,,
Cam Grandy,TE,MIN,,,,,,,,,,,,
Charles Scarff,TE,,,,,,,,,,,,,
Landon Rice,TE,,,,,,,,,,,,,
Daniel Helm,TE,,,,,,,,,,,,,
Steven Scheu,TE,,,,,,,,,,,,,
Jimmy Bell,TE,,,,,,,,,,,,,
Brayden Lenius,TE,,,,,,,,,,,,,
Austin Roberts,TE,,,,,,,,,,,,,
Josiah Price,TE,,,,,,,,,,,,,
Caleb Repp,TE,,,,,,,,,,,,,
Luke Musgrave,TE,GB,,,,,,,,,,,,
Camren McDonald,TE,,,,,,,,,,,,,
Bug Howard,TE,,,,,,,,,,,,,
John Mitchell,TE,,,,,,,,,,,,,
Tim Tebow,TE,,,,,,,,,,,,,
Jaeden Graham,TE,,,,,,,,,,,,,
Jordan Akins,TE,,,,,,,,,,,,,
Garrett Walston,TE,,,,,,,,,,,,,
Kenny Yeboah,TE,ARI,,,,,,,,,,,,
Ben Koyack,TE,,,,,,,,,,,,,
Sammis Reyes,TE,,,,,,,,,,,,,
Andrew Vollert,TE,,,,,,,,,,,,,
Nate Wieting,TE,,,,,,,,,,,,,
Sal Cannella,TE,,,,,,,,,,,,,
Nick Eubanks,TE,,,,,,,,,,,,,
Naz Bohannon,TE,,,,,,,,,,,,,
Marcedes Lewis,TE,,,,,,,,,,,,,
Ben Yurosek,TE,MIN,,,,,,,,,,,,
Seth Green,TE,,,,,,,,,,,,,
Hunter Thedford,TE,,,,,,,,,,,,,
Shawn Bowman,TE,ARI,,,,,,,,,,,,
Curtis Hodges,TE,,,,,,,,,,,,,
Alex Ellis,TE,,,,,,,,,,,,,
Stone Smartt,TE,NO,,,,,,,,,,,,
Tyler Moore,TE,,,,,,,,,,,,,
Darrell Daniels,TE,,,,,,,,,,,,,
Nate Iese,TE,,,,,,,,,,,,,
J.J. Arcega-Whiteside,TE,,,,,,,,,,,,,
CJ Dippre,TE,TB,,,,,,,,,,,,
Messiah Swinson,TE,,,,,,,,,,,,,
Levine Toilolo,TE,NYG,,,,,,,,,,,,
Tanner Conner,TE,NE,,,,,,,,,,,,
Daniel Brown,TE,,,,,,,,,,,,,
David Reeves,TE,,,,,,,,,,,,,
Shaun Beyer,TE,,,,,,,,,,,,,
Virgil Green,TE,,,,,,,,,,,,,
Anthony Manzo-Lewis,TE,,,,,,,,,,,,,
Austin Stogner,TE,,,,,,,,,,,,,
Colin Jeter,TE,,,,,,,,,,,,,
Maximilian Mang,TE,,,,,,,,,,,,,
Eric Ebron,TE,PIT,,,,,,,,,,,,
Kris Leach,TE,,,,,,,,,,,,,
Dan Light,TE,,,,,,,,,,,,,
Ross Dwelley,TE,,,,,,,,,,,,,
Luke Willson,TE,,,,,,,,,,,,,
Justin Tukes,TE,,,,,,,,,,,,,
Caden Prieskorn,TE,,,,,,,,,,,,,
Cody Hardy,TE,NYJ,,,,,,,,,,,,
Nate Becker,TE,,,,,,,,,,,,,
Isaiah Searight,TE,,,,,,,,,,,,,
Caleb Bluiett,TE,,,,,,,,,,,,,
Jackson Harris,TE,,,,,,,,,,,,,
Nick Keizer,TE,,,,,,,,,,,,,
Lance Mason,TE,,,,,,,,,,,,,
Scott Simonson,TE,,,,,,,,,,,,,
Alize Mack,TE,,,,,,,,,,,,,
Thomas Odukoya,TE,KC,,,,,,,,,,,,
Tre' McKitty,TE,,,,,,,,,,,,,
Johnny Pascuzzi,TE,,,,,,,,,,,,,
Tim Semisch,TE,,,,,,,,,,,,,
Kano Dillon,TE,,,,,,,,,,,,,
Josh Hill,TE,,,,,,,,,,,,,
Chris Briggs,TE,,,,,,,,,,,,,
Delanie Walker,TE,,,,,,,,,,,,,
Adam Shaheen,TE,,,,,,,,,,,,,
M.J. McFarland,TE,,,,,,,,,,,,,
Tyler Neville,TE,,,,,,,,,,,,,
Hakeem Butler,TE,,,,,,,,,,,,,
Carson Meier,TE,,,,,,,,,,,,,
Xavier Grimble,TE,,,,,,,,,,,,,
Cam Sutton,TE,,,,,,,,,,,,,
Carson Towt,TE,IND,,,,,,,,,,,,
Michael Jacobson,TE,,,,,,,,,,,,,
Mason Schreck,TE,,,,,,,,,,,,,
Luke Deal,TE,,,,,,,,,,,,,
Mark Vital,TE,,,,,,,,,,,,,
Temarrick Hemingway,TE,WAS,,,,,,,,,,,,
Stevie Donatell,TE,,,,,,,,,,,,,
Tyler Hoppes,TE,,,,,,,,,,,,,
Malcolm Epps,TE,,,,,,,,,,,,,
Bernhard Seikovits,TE,,,,,,,,,,,,,
Travis Vokolek,TE,ARI,,,,,,,,,,,,
Cam Serigne,TE,,,,,,,,,,,,,
Seth DeValve,TE,,,,,,,,,,,,,
Nick Truesdell,TE,,,,,,,,,,,,,
Michael Colubiale,TE,,,,,,,,,,,,,
Chamon Metayer,TE,,,,,,,,,,,,,
Kevin Rader,TE,,,,,,,,,,,,,
Josh Babicz,TE,,,,,,,,,,,,,
Zach Heins,TE,,,,,,,,,,,,,
Jake Briningstool,TE,KC,,,,,,,,,,,,
Ben Ellefson,TE,,,,,,,,,,,,,
Luke Lachey,TE,,,,,,,,,,,,,
Ryan Izzo,TE,,,,,,,,,,,,,
Donald Parham,TE,,,,,,,,,,,,,
Ian Bunting,TE,,,,,,,,,,,,,
Moritz Bohringer,TE,,,,,,,,,,,,,
Matt Bushman,TE,,,,,,,,,,,,,
Ja'Tavion Sanders,TE,CAR,,,,,,,,,,,,
Brian Vogler,TE,,,,,,,,,,,,,
Isaac Rex,TE,,,,,,,,,,,,,
Durham Smythe,TE,BAL,,,,,,,,,,,,
Armani Rogers,TE,,,,,,,,,,,,,
Michael Ezeike,TE,,,,,,,,,,,,,
David Wells,TE,,,,,,,,,,,,,
Drake Dabney,TE,GB,,,,,,,,,,,,
Mitchell Wilcox,TE,,,,,,,,,,,,,
Anthony Landphere,TE,,,,,,,,,,,,,
La'Michael Pettway,TE,,,,,,,,,,,,,
Devin Mahina,TE,,,,,,,,,,,,,
Tony Poljan,TE,,,,,,,,,,,,,
Beau Gardner,TE,,,,,,,,,,,,,
Hale Hentges,TE,,,,,,,,,,,,,
Chris Myarick,TE,LV,,,,,,,,,,,,
Jackson Meeks,TE,DET,,,,,,,,,,,,
David Martin-Robinson,TE,TEN,,,,,,,,,,,,
Joshua Perkins,TE,NYJ,,,,,,,,,,,,
Christian Trahan,TE,,,,,,,,,,,,,
Will Dissly,TE,,,,,,,,,,,,,
Connor Hulstein,TE,,,,,,,,,,,,,
Sam Cotton,TE,,,,,,,,,,,,,
Sage Surratt,TE,,,,,,,,,,,,,
Quentin Moore,TE,,,,,,,,,,,,,
Josiah Deguara,TE,PHI,,,,,,,,,,,,
Briley Moore,TE,,,,,,,,,,,,,
Kehinde Oginni,TE,,,,,,,,,,,,,
Lucas Krull,TE,DEN,,,,,,,,,,,,
Hayden Large,TE,CHI,,,,,,,,,,,,
Carter Runyon,TE,LV,,,,,,,,,,,,
MyCole Pruitt,TE,,,,,,,,,,,,,
Charles Jones,TE,,,,,,,,,,,,,
Jody Fortson,TE,,,,,,,,,,,,,
Jason Croom,TE,,,,,,,,,,,,,
DeSean Smith,TE,,,,,,,,,,,,,
Princeton Fant,TE,DAL,,,,,,,,,,,,
Jordan Murray,TE,,,,,,,,,,,,,
Jake Roh,TE,,,,,,,,,,,,,
Harrison Bryant,TE,,,,,,,,,,,,,
Joshua Simon,TE,,,,,,,,,,,,,
Dylan Cantrell,TE,,,,,,,,,,,,,
Gerald Everett,TE,,,,,,,,,,,,,
Dre Miller,TE,,,,,,,,,,,,,
Tyler Kroft,TE,,,,,,,,,,,,,
Luke Benson,TE,,,,,,,,,,,,,
Anthony Firkser,TE,,,,,,,,,,,,,
James O'Shaughnessy,TE,,,,,,,,,,,,,
Kent Taylor,TE,,,,,,,,,,,,,
Shane Zylstra,TE,,,,,,,,,,,,,
Jacob Breeland,TE,,,,,,,,,,,,,
DeShon Williams,TE,,,,,,,,,,,,,
Joel Honigford,TE,,,,,,,,,,,,,
Colin Granger,TE,,,,,,,,,,,,,
Garrett Celek,TE,,,,,,,,,,,,,
Devon Garrison,TE,,,,,,,,,,,,,
Ryan Griffin,TE,,,,,,,,,,,,,
Lincoln Sefcik,TE,,,,,,,,,,,,,
Jared Pinkney,TE,,,,,,,,,,,,,
Joel Wilson,TE,TEN,,,,,,,,,,,,
Chase Harrell,TE,,,,,,,,,,,,,
Ben Braunecker,TE,,,,,,,,,,,,,
Eric Frohnapfel,TE,,,,,,,,,,,,,
Josh Pederson,TE,,,,,,,,,,,,,
Pat Conroy,TE,,,,,,,,,,,,,
Travis Kelce,TE,KC,,,,,,,,,,,,
JJ Galbreath,TE,,,,,,,,,,,,,
Alex Larson,TE,,,,,,,,,,,,,
Cole Turner,TE,MIA,,,,,,,,,,,,
Jibri Blount,TE,,,,,,,,,,,,,
Cameron Brate,TE,,,,,,,,,,,,,
Adam Zaruba,TE,,,,,,,,,,,,,
Evan Svoboda,TE,LAC,,,,,,,,,,,,
Eni Falayi,TE,,,,,,,,,,,,,
Darren Waller,TE,CAR,,,,,,,,,,,,
Blake Bell,TE,,,,,,,,,,,,,
Jack Westover,TE,WAS,,,,,,,,,,,,
Mike Estes,TE,,,,,,,,,,,,,
Stephen Carlson,TE,CHI,,,,,,,,,,,,
Zach Davidson,TE,,,,,,,,,,,,,
Rivaldo Fairweather,TE,,,,,,,,,,,,,
Wyatt Houston,TE,CAR,,,,,,,,,,,,
Clay Burton,TE,,,,,,,,,,,,,
Noah Togiai,TE,,,,,,,,,,,,,
Neal Johnson,TE,,,,,,,,,,,,,
Joe Royer,TE,CLE,,,,,,,,,,,,
Logan Stokes,TE,,,,,,,,,,,,,
Sam Pitz,TE,,,,,,,,,,,,,
Aaron Peck,TE,,,,,,,,,,,,,
Ethan Conner,TE,,,,,,,,,,,,,
Artayvious Lynn,TE,,,,,,,,,,,,,
Matt Lauter,TE,,,,,,,,,,,,,
Geoff Swaim,TE,,,,,,,,,,,,,
Irv Smith,TE,,,,,,,,,,,,,
Dalton Keene,TE,,,,,,,,,,,,,
Gunnar Oakes,TE,,,,,,,,,,,,,
Christian Scotland-Williamson,TE,,,,,,,,,,,,,
C.J. Uzomah,TE,,,,,,,,,,,,,
Trevon Wesco,TE,,,,,,,,,,,,,
Tanner Arkin,TE,NE,,,,,,,,,,,,
John Samuel Shenker,TE,,,,,,,,,,,,,
Tyler Davis,TE,,,,,,,,,,,,,
Troy Mangen,TE,,,,,,,,,,,,,
David Njoku,TE,LAC,,,,,,,,,,,,
Darion Griswold,TE,,,,,,,,,,,,,
Ademola Faleye,TE,,,,,,,,,,,,,
Dominique Dafney,TE,,,,,,,,,,,,,
Baylor Cupp,TE,,,,,,,,,,,,,
Logan Paulsen,TE,,,,,,,,,,,,,
Pro Wells,TE,,,,,,,,,,,,,
Patrick Murtagh,TE,,,,,,,,,,,,,
Tucker Fisk,TE,,,,,,,,,,,,,
Patrick Gurd,TE,LV,,,,,,,,,,,,
Kivon Cartwright,TE,,,,,,,,,,,,,
Jameson Geers,TE,ARI,,,,,,,,,,,,
Ray Hamilton,TE,,,,,,,,,,,,,
Jace Sternberger,TE,,,,,,,,,,,,,
Nick Guggemos,TE,,,,,,,,,,,,,
Colin Thompson,TE,,,,,,,,,,,,,
Anthony Torres,TE,,,,,,,,,,,,,
Josh Kattus,TE,,,,,,,,,,,,,
Cole Fotheringham,TE,,,,,,,,,,,,,
Dan Arnold,TE,,,,,,,,,,,,,
Tanner Taula,TE,,,,,,,,,,,,,
Devin Culp,TE,TB,,,,,,,,,,,,
Rodney Williams,TE,,,,,,,,,,,,,
Ben Mason,TE,,,,,,,,,,,,,
Matt Sokol,TE,,,,,,,,,,,,,
Logan Thomas,TE,,,,,,,,,,,,,
Alec Bloom,TE,,,,,,,,,,,,,
Benjamin Watson,TE,,,,,,,,,,,,,
